73.0 73.0 62.0 70.0
92.0 90.0 78.0 85.0
88.0 89.0 74.0 84.0
71.0 71.0 60.0 68.0
67.0 63.0 65.0 64.0
94.0 93.0 79.0 89.0
89.0 90.0 78.0 84.0
74.0 75.0 62.0 70.0
76.0 77.0 65.0 71.0
97.0 93.0 79.0 89.0
90.0 90.0 76.0 85.0
74.0 73.0 62.0 69.0
76.0 72.0 64.0 72.0
94.0 93.0 81.0 90.0
85.0 89.0 76.0 85.0
74.0 74.0 63.0 69.0
76.0 77.0 65.0 73.0
93.0 89.0 79.0 86.0
90.0 90.0 76.0 85.0
70.0 75.0 63.0 68.0
76.0 77.0 66.0 71.0
93.0 92.0 79.0 88.0
91.0 90.0 77.0 86.0
73.0 75.0 63.0 70.0
77.0 77.0 66.0 73.0
97.0 93.0 81.0 90.0
91.0 91.0 75.0 85.0
74.0 73.0 63.0 71.0
77.0 77.0 66.0 73.0
97.0 90.0 80.0 89.0
92.0 89.0 76.0 85.0
74.0 75.0 63.0 71.0
78.0 78.0 66.0 73.0
94.0 91.0 80.0 89.0
90.0 89.0 78.0 85.0
72.0 73.0 62.0 70.0
67.0 78.0 67.0 72.0
92.0 94.0 80.0 88.0
92.0 91.0 78.0 86.0
75.0 74.0 65.0 71.0
76.0 79.0 67.0 74.0
89.0 90.0 78.0 85.0
90.0 88.0 74.0 85.0
73.0 74.0 63.0 70.0
78.0 79.0 67.0 73.0
84.0 92.0 82.0 91.0
87.0 90.0 74.0 84.0
73.0 74.0 63.0 69.0
77.0 78.0 67.0 74.0
95.0 88.0 75.0 90.0
91.0 88.0 76.0 85.0
73.0 75.0 63.0 70.0
80.0 79.0 68.0 72.0
95.0 92.0 80.0 89.0
88.0 87.0 76.0 83.0
75.0 74.0 63.0 69.0
80.0 79.0 68.0 74.0
78.0 82.0 80.0 89.0
82.0 90.0 78.0 79.0
74.0 75.0 62.0 71.0
79.0 81.0 69.0 75.0
96.0 93.0 81.0 88.0
89.0 87.0 76.0 84.0
75.0 75.0 63.0 71.0
81.0 79.0 69.0 76.0
93.0 93.0 79.0 88.0
86.0 83.0 73.0 81.0
75.0 75.0 64.0 71.0
82.0 83.0 68.0 77.0
95.0 91.0 81.0 88.0
81.0 83.0 72.0 79.0
75.0 75.0 63.0 71.0
88.0 87.0 76.0 84.0
95.0 91.0 79.0 89.0
73.0 73.0 62.0 69.0
75.0 75.0 64.0 71.0
86.0 85.0 74.0 81.0
92.0 88.0 76.0 87.0
73.0 73.0 63.0 70.0
74.0 73.0 65.0 70.0
96.0 93.0 79.0 89.0
91.0 91.0 78.0 89.0
73.0 73.0 62.0 69.0
75.0 74.0 64.0 71.0
96.0 95.0 83.0 90.0
91.0 90.0 79.0 88.0
74.0 75.0 65.0 69.0
71.0 73.0 63.0 70.0
99.0 84.0 85.0 84.0
93.0 93.0 81.0 89.0
73.0 73.0 62.0 69.0
76.0 75.0 65.0 70.0
96.0 93.0 80.0 89.0
87.0 89.0 65.0 86.0
71.0 73.0 62.0 69.0
75.0 75.0 63.0 70.0
97.0 94.0 81.0 89.0
94.0 93.0 79.0 88.0
72.0 73.0 62.0 70.0
76.0 75.0 65.0 71.0
96.0 93.0 81.0 87.0
94.0 91.0 79.0 88.0
75.0 73.0 64.0 70.0
75.0 75.0 64.0 71.0
97.0 92.0 79.0 92.0
92.0 91.0 77.0 85.0
74.0 73.0 61.0 69.0
76.0 75.0 63.0 71.0
95.0 92.0 83.0 90.0
92.0 88.0 79.0 87.0
72.0 74.0 63.0 69.0
76.0 75.0 58.0 71.0
93.0 90.0 79.0 85.0
95.0 91.0 79.0 84.0
70.0 70.0 61.0 69.0
74.0 76.0 59.0 72.0
97.0 93.0 81.0 83.0
93.0 87.0 79.0 83.0
72.0 73.0 64.0 68.0
77.0 73.0 63.0 71.0
95.0 92.0 81.0 88.0
84.0 89.0 78.0 86.0
66.0 72.0 59.0 64.0
75.0 78.0 62.0 68.0
94.0 91.0 67.0 87.0
92.0 87.0 78.0 84.0
85.0 87.0 74.0 84.0
73.0 75.0 62.0 70.0
85.0 84.0 72.0 80.0
73.0 73.0 63.0 67.0
89.0 85.0 77.0 76.0
91.0 92.0 78.0 88.0
74.0 73.0 63.0 68.0
78.0 80.0 69.0 75.0
90.0 86.0 75.0 82.0
71.0 74.0 63.0 70.0
76.0 75.0 63.0 71.0
94.0 91.0 77.0 87.0
87.0 83.0 69.0 79.0
73.0 73.0 62.0 69.0
79.0 78.0 68.0 74.0
91.0 90.0 77.0 84.0
88.0 85.0 74.0 83.0
73.0 75.0 63.0 69.0
80.0 80.0 70.0 76.0
93.0 91.0 79.0 88.0
80.0 85.0 73.0 81.0
76.0 74.0 62.0 67.0
84.0 82.0 71.0 79.0
89.0 92.0 78.0 84.0
81.0 82.0 66.0 76.0
75.0 75.0 64.0 71.0
97.0 93.0 81.0 90.0
97.0 92.0 81.0 88.0
72.0 72.0 60.0 68.0
75.0 75.0 65.0 70.0
95.0 94.0 81.0 88.0
93.0 91.0 79.0 86.0
73.0 73.0 63.0 70.0
75.0 75.0 64.0 71.0
97.0 93.0 80.0 91.0
93.0 91.0 78.0 88.0
73.0 73.0 64.0 69.0
76.0 77.0 65.0 72.0
83.0 87.0 78.0 75.0
92.0 91.0 78.0 85.0
74.0 73.0 62.0 70.0
76.0 75.0 65.0 71.0
97.0 93.0 80.0 89.0
93.0 91.0 78.0 88.0
72.0 74.0 62.0 69.0
72.0 75.0 62.0 69.0
96.0 93.0 81.0 90.0
93.0 82.0 75.0 82.0
73.0 73.0 61.0 69.0
73.0 75.0 64.0 72.0
97.0 94.0 83.0 90.0
93.0 93.0 81.0 89.0
75.0 73.0 63.0 69.0
76.0 76.0 65.0 73.0
96.0 93.0 81.0 89.0
97.0 88.0 80.0 89.0
73.0 73.0 65.0 70.0
76.0 66.0 65.0 71.0
95.0 93.0 80.0 90.0
92.0 91.0 79.0 87.0
74.0 74.0 63.0 69.0
76.0 77.0 65.0 70.0
97.0 93.0 82.0 88.0
94.0 91.0 81.0 86.0
74.0 73.0 65.0 71.0
76.0 77.0 65.0 73.0
97.0 94.0 83.0 91.0
93.0 90.0 77.0 87.0
75.0 73.0 63.0 70.0
93.0 90.0 80.0 87.0
75.0 74.0 62.0 70.0
76.0 77.0 65.0 71.0
96.0 93.0 80.0 90.0
92.0 90.0 77.0 83.0
74.0 73.0 62.0 70.0
75.0 76.0 65.0 73.0
95.0 92.0 80.0 88.0
92.0 91.0 80.0 84.0
73.0 73.0 62.0 70.0
76.0 76.0 64.0 70.0
93.0 91.0 79.0 89.0
92.0 92.0 78.0 84.0
75.0 74.0 63.0 71.0
77.0 78.0 67.0 72.0
91.0 91.0 78.0 89.0
89.0 88.0 74.0 85.0
76.0 75.0 63.0 70.0
98.0 95.0 82.0 92.0
88.0 86.0 75.0 83.0
74.0 76.0 64.0 71.0
93.0 86.0 78.0 85.0
74.0 75.0 63.0 71.0
77.0 79.0 67.0 73.0
96.0 92.0 82.0 89.0
92.0 89.0 80.0 86.0
75.0 75.0 63.0 72.0
79.0 77.0 66.0 73.0
98.0 93.0 81.0 90.0
91.0 89.0 79.0 85.0
76.0 73.0 66.0 72.0
78.0 79.0 67.0 71.0
99.0 96.0 83.0 92.0
93.0 91.0 79.0 84.0
77.0 76.0 62.0 72.0
78.0 79.0 67.0 74.0
95.0 93.0 79.0 91.0
93.0 91.0 78.0 88.0
75.0 77.0 66.0 72.0
79.0 80.0 68.0 75.0
97.0 94.0 83.0 91.0
94.0 91.0 79.0 88.0
77.0 76.0 65.0 71.0
79.0 79.0 68.0 74.0
97.0 78.0 80.0 74.0
91.0 88.0 73.0 85.0
76.0 74.0 63.0 70.0
81.0 79.0 66.0 76.0
96.0 93.0 82.0 91.0
92.0 90.0 77.0 86.0
76.0 74.0 66.0 65.0
79.0 80.0 66.0 75.0
96.0 90.0 82.0 89.0
91.0 88.0 76.0 85.0
76.0 77.0 63.0 72.0
80.0 81.0 69.0 75.0
95.0 92.0 81.0 90.0
88.0 88.0 76.0 84.0
35.0 37.0 33.0 32.0
36.0 37.0 33.0 32.0
31.0 32.0 28.0 28.0
30.0 30.0 26.0 27.0
29.0 30.0 26.0 26.0
73.0 75.0 61.0 68.0
70.0 71.0 58.0 66.0
71.0 73.0 60.0 68.0
90.0 88.0 79.0 87.0
91.0 86.0 73.0 87.0
72.0 72.0 60.0 68.0
74.0 72.0 62.0 67.0
94.0 90.0 77.0 87.0
91.0 81.0 81.0 87.0
73.0 73.0 60.0 69.0
75.0 76.0 65.0 71.0
97.0 93.0 81.0 92.0
95.0 91.0 80.0 90.0
84.0 83.0 68.0 79.0
91.0 93.0 79.0 88.0
68.0 73.0 63.0 70.0
76.0 76.0 65.0 71.0
95.0 92.0 80.0 85.0
88.0 92.0 78.0 87.0
74.0 73.0 63.0 68.0
73.0 73.0 61.0 69.0
91.0 88.0 70.0 87.0
94.0 91.0 78.0 82.0
71.0 73.0 60.0 69.0
73.0 73.0 62.0 70.0
85.0 91.0 79.0 80.0
90.0 87.0 77.0 84.0
71.0 71.0 60.0 68.0
72.0 74.0 58.0 70.0
92.0 89.0 68.0 89.0
90.0 89.0 76.0 85.0
71.0 73.0 60.0 69.0
72.0 74.0 63.0 69.0
91.0 88.0 78.0 87.0
88.0 86.0 76.0 84.0
70.0 72.0 60.0 68.0
66.0 74.0 62.0 69.0
90.0 86.0 78.0 85.0
71.0 73.0 60.0 66.0
73.0 73.0 63.0 68.0
93.0 91.0 79.0 89.0
91.0 85.0 76.0 87.0
70.0 73.0 60.0 67.0
72.0 73.0 62.0 69.0
92.0 91.0 78.0 87.0
89.0 89.0 76.0 84.0
73.0 75.0 62.0 69.0
88.0 89.0 77.0 84.0
40.0 42.0 37.0 37.0
