81.0 83.0 72.0 75.0
65.0 66.0 55.0 62.0
81.0 78.0 66.0 79.0
65.0 65.0 56.0 61.0
80.0 75.0 70.0 76.0
81.0 80.0 69.0 75.0
81.0 80.0 70.0 75.0
81.0 81.0 70.0 80.0
79.0 78.0 69.0 77.0
82.0 82.0 68.0 76.0
67.0 68.0 58.0 64.0
81.0 82.0 71.0 77.0
83.0 82.0 71.0 79.0
83.0 83.0 73.0 81.0
69.0 68.0 57.0 64.0
65.0 64.0 55.0 61.0
84.0 83.0 71.0 79.0
65.0 64.0 55.0 62.0
83.0 82.0 70.0 75.0
66.0 67.0 54.0 62.0
83.0 82.0 73.0 79.0
86.0 82.0 71.0 79.0
79.0 77.0 62.0 74.0
77.0 80.0 67.0 72.0
65.0 69.0 59.0 66.0
52.0 54.0 55.0 49.0
83.0 82.0 71.0 77.0
66.0 67.0 51.0 63.0
82.0 81.0 71.0 77.0
65.0 66.0 54.0 62.0
82.0 81.0 73.0 77.0
63.0 63.0 54.0 62.0
81.0 82.0 67.0 79.0
84.0 82.0 73.0 81.0
75.0 73.0 63.0 69.0
83.0 81.0 74.0 78.0
77.0 76.0 68.0 73.0
66.0 66.0 55.0 58.0
81.0 81.0 73.0 77.0
32.0 32.0 28.0 28.0
76.0 82.0 60.0 76.0
82.0 80.0 71.0 76.0
79.0 80.0 62.0 69.0
82.0 81.0 71.0 77.0
85.0 82.0 71.0 80.0
81.0 82.0 71.0 78.0
84.0 83.0 73.0 79.0
79.0 78.0 67.0 75.0
83.0 82.0 71.0 76.0
79.0 80.0 68.0 78.0
82.0 83.0 67.0 74.0
65.0 65.0 54.0 62.0
80.0 79.0 70.0 76.0
82.0 81.0 69.0 76.0
81.0 63.0 55.0 61.0
66.0 66.0 55.0 62.0
83.0 82.0 72.0 79.0
85.0 82.0 72.0 77.0
67.0 79.0 76.0 78.0
78.0 77.0 65.0 75.0
82.0 81.0 73.0 81.0
77.0 79.0 63.0 73.0
77.0 81.0 72.0 79.0
80.0 73.0 62.0 78.0
83.0 81.0 69.0 78.0
71.0 71.0 61.0 67.0
81.0 76.0 69.0 76.0
81.0 81.0 69.0 77.0
82.0 82.0 68.0 78.0
65.0 63.0 53.0 64.0
68.0 68.0 57.0 64.0
75.0 80.0 61.0 77.0
84.0 82.0 72.0 79.0
65.0 65.0 55.0 60.0
62.0 63.0 58.0 80.0
69.0 67.0 59.0 62.0
65.0 65.0 55.0 61.0
81.0 79.0 70.0 77.0
85.0 83.0 70.0 77.0
83.0 77.0 70.0 76.0
85.0 81.0 73.0 78.0
80.0 79.0 69.0 75.0
84.0 82.0 72.0 78.0
31.0 32.0 28.0 28.0
85.0 82.0 70.0 77.0
80.0 80.0 69.0 76.0
82.0 81.0 73.0 77.0
80.0 77.0 65.0 73.0
84.0 83.0 70.0 77.0
67.0 66.0 57.0 60.0
83.0 81.0 71.0 79.0
81.0 80.0 67.0 76.0
83.0 77.0 69.0 79.0
79.0 77.0 68.0 76.0
82.0 82.0 71.0 75.0
66.0 68.0 57.0 64.0
84.0 81.0 70.0 78.0
67.0 65.0 57.0 63.0
80.0 81.0 69.0 77.0
65.0 67.0 55.0 61.0
82.0 81.0 71.0 77.0
73.0 73.0 61.0 73.0
64.0 65.0 55.0 59.0
82.0 80.0 69.0 75.0
82.0 80.0 70.0 77.0
67.0 70.0 56.0 57.0
82.0 82.0 72.0 77.0
83.0 80.0 71.0 78.0
64.0 65.0 55.0 62.0
76.0 77.0 58.0 76.0
85.0 81.0 70.0 77.0
65.0 62.0 56.0 63.0
70.0 80.0 70.0 75.0
66.0 66.0 57.0 64.0
65.0 65.0 56.0 63.0
83.0 81.0 71.0 77.0
82.0 81.0 70.0 76.0
81.0 79.0 69.0 76.0
83.0 82.0 71.0 79.0
80.0 78.0 65.0 75.0
82.0 81.0 68.0 77.0
65.0 66.0 53.0 57.0
28.0 29.0 25.0 26.0
79.0 79.0 69.0 74.0
83.0 83.0 72.0 79.0
66.0 67.0 58.0 62.0
63.0 65.0 55.0 60.0
79.0 78.0 67.0 74.0
81.0 82.0 71.0 77.0
78.0 80.0 69.0 73.0
83.0 82.0 70.0 77.0
68.0 68.0 57.0 64.0
83.0 81.0 68.0 78.0
68.0 66.0 58.0 64.0
76.0 81.0 72.0 77.0
80.0 68.0 69.0 72.0
76.0 78.0 67.0 76.0
77.0 76.0 66.0 75.0
84.0 83.0 72.0 78.0
74.0 68.0 61.0 67.0
65.0 65.0 55.0 60.0
74.0 73.0 63.0 73.0
78.0 79.0 68.0 73.0
69.0 65.0 59.0 66.0
70.0 76.0 63.0 71.0
71.0 65.0 59.0 58.0
81.0 79.0 68.0 75.0
69.0 68.0 59.0 65.0
81.0 80.0 69.0 74.0
60.0 63.0 71.0 61.0
64.0 65.0 55.0 60.0
82.0 82.0 70.0 76.0
65.0 66.0 53.0 54.0
76.0 74.0 65.0 71.0
83.0 79.0 68.0 77.0
71.0 72.0 62.0 66.0
64.0 60.0 51.0 57.0
83.0 78.0 69.0 74.0
80.0 77.0 69.0 74.0
85.0 82.0 72.0 79.0
78.0 75.0 66.0 75.0
81.0 81.0 70.0 80.0
66.0 65.0 53.0 62.0
64.0 61.0 52.0 61.0
67.0 76.0 69.0 73.0
26.0 28.0 24.0 26.0
65.0 64.0 52.0 61.0
76.0 71.0 64.0 69.0
79.0 80.0 67.0 68.0
81.0 80.0 68.0 78.0
64.0 66.0 55.0 60.0
65.0 66.0 55.0 60.0
83.0 79.0 69.0 78.0
64.0 63.0 54.0 58.0
81.0 80.0 63.0 75.0
85.0 82.0 71.0 78.0
66.0 67.0 53.0 60.0
65.0 64.0 52.0 60.0
83.0 82.0 73.0 79.0
63.0 64.0 55.0 60.0
77.0 74.0 73.0 79.0
58.0 63.0 51.0 57.0
63.0 63.0 52.0 60.0
55.0 64.0 53.0 58.0
77.0 81.0 71.0 68.0
61.0 63.0 53.0 58.0
80.0 79.0 65.0 74.0
82.0 80.0 70.0 78.0
81.0 81.0 69.0 77.0
63.0 65.0 55.0 62.0
80.0 79.0 68.0 72.0
73.0 82.0 72.0 80.0
65.0 67.0 53.0 62.0
79.0 78.0 65.0 74.0
61.0 65.0 54.0 61.0
81.0 80.0 68.0 77.0
83.0 81.0 71.0 79.0
59.0 64.0 54.0 57.0
77.0 77.0 68.0 71.0
83.0 82.0 71.0 79.0
80.0 79.0 69.0 76.0
82.0 74.0 70.0 75.0
80.0 79.0 68.0 74.0
83.0 80.0 70.0 77.0
55.0 77.0 50.0 78.0
81.0 73.0 69.0 74.0
29.0 29.0 26.0 26.0
81.0 77.0 69.0 76.0
77.0 75.0 66.0 72.0
85.0 83.0 69.0 78.0
64.0 67.0 56.0 62.0
78.0 80.0 67.0 77.0
80.0 77.0 68.0 76.0
79.0 76.0 69.0 77.0
65.0 64.0 55.0 62.0
63.0 64.0 55.0 60.0
74.0 78.0 66.0 74.0
81.0 82.0 70.0 77.0
83.0 76.0 71.0 79.0
82.0 77.0 64.0 78.0
77.0 75.0 62.0 73.0
80.0 80.0 69.0 76.0
79.0 78.0 70.0 76.0
78.0 77.0 70.0 72.0
80.0 78.0 66.0 75.0
81.0 81.0 69.0 75.0
67.0 67.0 54.0 62.0
76.0 80.0 68.0 69.0
67.0 68.0 57.0 64.0
63.0 64.0 54.0 57.0
79.0 79.0 69.0 75.0
79.0 79.0 66.0 75.0
78.0 78.0 68.0 74.0
63.0 64.0 53.0 60.0
80.0 75.0 70.0 74.0
65.0 63.0 53.0 58.0
75.0 78.0 68.0 74.0
81.0 83.0 70.0 77.0
78.0 76.0 68.0 72.0
82.0 81.0 70.0 77.0
81.0 80.0 69.0 77.0
63.0 64.0 55.0 60.0
79.0 77.0 63.0 74.0
81.0 81.0 71.0 79.0
67.0 68.0 55.0 65.0
80.0 80.0 69.0 75.0
67.0 66.0 57.0 64.0
77.0 78.0 62.0 74.0
72.0 68.0 61.0 65.0
27.0 27.0 24.0 24.0
81.0 81.0 69.0 76.0
63.0 63.0 53.0 59.0
82.0 80.0 69.0 77.0
63.0 65.0 53.0 60.0
84.0 81.0 71.0 77.0
65.0 66.0 53.0 62.0
76.0 75.0 66.0 71.0
82.0 78.0 69.0 76.0
63.0 73.0 62.0 61.0
65.0 62.0 54.0 60.0
77.0 79.0 62.0 72.0
82.0 83.0 71.0 78.0
73.0 74.0 62.0 69.0
75.0 85.0 72.0 83.0
72.0 71.0 60.0 65.0
86.0 82.0 73.0 80.0
65.0 64.0 54.0 60.0
76.0 76.0 63.0 70.0
87.0 80.0 74.0 81.0
80.0 81.0 69.0 77.0
77.0 71.0 63.0 72.0
81.0 81.0 69.0 76.0
87.0 83.0 70.0 80.0
83.0 79.0 71.0 77.0
79.0 82.0 68.0 69.0
82.0 76.0 69.0 69.0
85.0 82.0 71.0 80.0
82.0 80.0 70.0 75.0
77.0 83.0 66.0 78.0
81.0 82.0 73.0 75.0
65.0 65.0 53.0 60.0
83.0 82.0 71.0 75.0
56.0 59.0 55.0 57.0
81.0 81.0 71.0 77.0
60.0 59.0 50.0 61.0
81.0 82.0 70.0 79.0
61.0 65.0 53.0 61.0
75.0 80.0 74.0 78.0
65.0 65.0 53.0 60.0
81.0 79.0 64.0 70.0
78.0 82.0 69.0 78.0
81.0 75.0 68.0 75.0
81.0 80.0 69.0 79.0
38.0 40.0 35.0 35.0
74.0 71.0 66.0 73.0
64.0 65.0 55.0 60.0
83.0 82.0 68.0 78.0
81.0 67.0 69.0 67.0
84.0 82.0 71.0 78.0
65.0 67.0 56.0 63.0
76.0 82.0 68.0 72.0
81.0 79.0 69.0 77.0
78.0 83.0 63.0 67.0
71.0 77.0 68.0 75.0
80.0 81.0 71.0 75.0
79.0 77.0 67.0 65.0
83.0 81.0 74.0 80.0
81.0 80.0 69.0 75.0
85.0 82.0 74.0 80.0
81.0 79.0 68.0 75.0
86.0 80.0 73.0 79.0
80.0 79.0 69.0 75.0
83.0 82.0 71.0 78.0
67.0 67.0 57.0 64.0
83.0 74.0 71.0 72.0
78.0 81.0 72.0 77.0
66.0 66.0 52.0 62.0
80.0 77.0 67.0 75.0
81.0 80.0 67.0 77.0
69.0 75.0 73.0 79.0
65.0 66.0 55.0 62.0
78.0 74.0 70.0 76.0
83.0 82.0 72.0 78.0
67.0 67.0 56.0 58.0
81.0 80.0 71.0 75.0
67.0 67.0 57.0 63.0
83.0 81.0 71.0 78.0
66.0 68.0 59.0 64.0
83.0 80.0 71.0 78.0
65.0 67.0 57.0 62.0
81.0 77.0 70.0 77.0
68.0 67.0 55.0 63.0
71.0 80.0 62.0 69.0
66.0 66.0 57.0 63.0
84.0 81.0 72.0 77.0
84.0 83.0 73.0 79.0
66.0 65.0 55.0 62.0
85.0 82.0 73.0 76.0
64.0 64.0 55.0 61.0
74.0 71.0 64.0 74.0
41.0 65.0 37.0 37.0
75.0 76.0 63.0 73.0
82.0 70.0 70.0 63.0
76.0 76.0 65.0 72.0
82.0 75.0 71.0 77.0
68.0 69.0 58.0 64.0
85.0 79.0 70.0 79.0
64.0 65.0 53.0 60.0
65.0 58.0 53.0 61.0
74.0 74.0 61.0 71.0
84.0 82.0 63.0 74.0
63.0 73.0 63.0 66.0
64.0 65.0 55.0 62.0
69.0 68.0 57.0 64.0
82.0 80.0 68.0 75.0
66.0 63.0 58.0 63.0
80.0 79.0 67.0 76.0
70.0 71.0 58.0 65.0
83.0 83.0 73.0 78.0
68.0 69.0 58.0 63.0
79.0 82.0 72.0 76.0
85.0 81.0 72.0 78.0
84.0 82.0 71.0 78.0
77.0 75.0 64.0 71.0
84.0 83.0 73.0 79.0
76.0 76.0 63.0 71.0
85.0 82.0 72.0 80.0
71.0 73.0 60.0 65.0
81.0 80.0 69.0 76.0
75.0 73.0 62.0 70.0
82.0 80.0 70.0 76.0
86.0 84.0 74.0 81.0
81.0 81.0 66.0 78.0
60.0 80.0 54.0 55.0
65.0 65.0 54.0 60.0
65.0 66.0 55.0 61.0
78.0 80.0 70.0 77.0
85.0 81.0 64.0 71.0
62.0 64.0 52.0 56.0
68.0 69.0 51.0 66.0
81.0 81.0 71.0 74.0
87.0 84.0 74.0 80.0
81.0 82.0 71.0 77.0
85.0 83.0 73.0 80.0
83.0 80.0 68.0 77.0
85.0 83.0 72.0 81.0
83.0 82.0 69.0 77.0
86.0 83.0 72.0 81.0
84.0 81.0 71.0 76.0
86.0 83.0 73.0 81.0
81.0 80.0 70.0 73.0
86.0 84.0 72.0 82.0
81.0 79.0 67.0 74.0
82.0 82.0 72.0 77.0
76.0 80.0 70.0 77.0
82.0 83.0 69.0 79.0
81.0 79.0 71.0 77.0
79.0 80.0 69.0 78.0
65.0 67.0 57.0 63.0
84.0 83.0 72.0 77.0
67.0 68.0 57.0 63.0
80.0 81.0 65.0 74.0
65.0 66.0 55.0 63.0
79.0 82.0 73.0 79.0
67.0 67.0 56.0 64.0
85.0 79.0 66.0 77.0
66.0 67.0 55.0 62.0
85.0 82.0 69.0 78.0
66.0 67.0 58.0 60.0
82.0 81.0 70.0 79.0
85.0 84.0 73.0 80.0
66.0 65.0 53.0 60.0
83.0 83.0 72.0 79.0
65.0 67.0 56.0 63.0
85.0 83.0 71.0 79.0
64.0 66.0 52.0 62.0
87.0 82.0 74.0 82.0
65.0 66.0 55.0 62.0
84.0 86.0 64.0 77.0
65.0 66.0 55.0 62.0
79.0 79.0 69.0 73.0
66.0 66.0 55.0 62.0
87.0 83.0 71.0 81.0
63.0 66.0 55.0 62.0
83.0 83.0 73.0 80.0
57.0 64.0 55.0 63.0
86.0 83.0 73.0 79.0
66.0 65.0 54.0 58.0
80.0 76.0 71.0 78.0
78.0 81.0 67.0 73.0
29.0 29.0 26.0 26.0
80.0 78.0 68.0 76.0
80.0 78.0 69.0 76.0
87.0 82.0 72.0 81.0
77.0 79.0 69.0 74.0
79.0 74.0 67.0 73.0
81.0 80.0 69.0 76.0
85.0 82.0 74.0 80.0
77.0 78.0 67.0 75.0
73.0 79.0 67.0 74.0
81.0 80.0 65.0 77.0
85.0 83.0 74.0 78.0
81.0 79.0 69.0 73.0
85.0 82.0 71.0 79.0
82.0 80.0 62.0 76.0
87.0 83.0 72.0 77.0
86.0 84.0 73.0 81.0
65.0 65.0 55.0 62.0
78.0 72.0 72.0 77.0
83.0 82.0 72.0 77.0
70.0 73.0 64.0 72.0
85.0 81.0 70.0 79.0
80.0 79.0 69.0 76.0
84.0 81.0 72.0 79.0
70.0 70.0 59.0 65.0
85.0 84.0 64.0 80.0
69.0 67.0 59.0 65.0
84.0 83.0 72.0 79.0
69.0 69.0 58.0 65.0
66.0 67.0 57.0 62.0
85.0 82.0 72.0 72.0
85.0 81.0 71.0 76.0
78.0 79.0 68.0 74.0
84.0 83.0 71.0 77.0
69.0 70.0 56.0 64.0
85.0 81.0 65.0 78.0
70.0 68.0 60.0 65.0
63.0 63.0 55.0 58.0
78.0 79.0 71.0 78.0
65.0 67.0 55.0 62.0
84.0 82.0 73.0 78.0
65.0 67.0 55.0 61.0
87.0 82.0 72.0 77.0
84.0 82.0 73.0 79.0
38.0 39.0 34.0 34.0
79.0 79.0 67.0 75.0
70.0 70.0 58.0 66.0
68.0 65.0 55.0 61.0
83.0 81.0 71.0 73.0
65.0 67.0 57.0 62.0
82.0 80.0 70.0 77.0
66.0 66.0 57.0 61.0
74.0 80.0 67.0 76.0
81.0 79.0 71.0 76.0
72.0 73.0 59.0 66.0
81.0 81.0 72.0 72.0
81.0 77.0 73.0 79.0
84.0 81.0 69.0 78.0
84.0 81.0 64.0 76.0
65.0 68.0 57.0 63.0
82.0 82.0 72.0 69.0
67.0 67.0 57.0 64.0
85.0 82.0 73.0 80.0
65.0 67.0 59.0 63.0
83.0 82.0 71.0 79.0
66.0 67.0 55.0 63.0
84.0 82.0 71.0 77.0
64.0 63.0 57.0 64.0
64.0 65.0 53.0 59.0
81.0 78.0 67.0 69.0
82.0 76.0 68.0 72.0
83.0 80.0 62.0 70.0
78.0 76.0 58.0 73.0
66.0 66.0 58.0 63.0
78.0 80.0 69.0 71.0
83.0 83.0 68.0 78.0
65.0 65.0 54.0 58.0
86.0 79.0 73.0 79.0
65.0 65.0 55.0 60.0
83.0 67.0 73.0 77.0
64.0 67.0 54.0 60.0
83.0 83.0 72.0 78.0
58.0 67.0 53.0 60.0
83.0 83.0 71.0 78.0
84.0 80.0 71.0 75.0
83.0 82.0 59.0 79.0
83.0 84.0 71.0 81.0
63.0 67.0 55.0 64.0
63.0 62.0 55.0 57.0
80.0 78.0 67.0 74.0
85.0 83.0 71.0 77.0
81.0 81.0 69.0 76.0
84.0 81.0 71.0 80.0
70.0 69.0 55.0 65.0
85.0 83.0 72.0 78.0
68.0 69.0 57.0 64.0
84.0 82.0 70.0 78.0
68.0 67.0 57.0 64.0
83.0 81.0 71.0 78.0
68.0 67.0 57.0 63.0
83.0 82.0 71.0 79.0
66.0 69.0 56.0 61.0
84.0 82.0 69.0 79.0
68.0 68.0 57.0 63.0
83.0 81.0 71.0 77.0
66.0 68.0 56.0 64.0
82.0 81.0 72.0 81.0
60.0 65.0 55.0 61.0
77.0 72.0 62.0 72.0
67.0 66.0 57.0 63.0
83.0 81.0 71.0 77.0
68.0 69.0 58.0 64.0
65.0 61.0 57.0 63.0
85.0 82.0 66.0 78.0
81.0 83.0 71.0 81.0
81.0 81.0 64.0 79.0
77.0 81.0 60.0 64.0
82.0 81.0 69.0 75.0
83.0 82.0 72.0 79.0
88.0 81.0 73.0 83.0
83.0 81.0 70.0 77.0
65.0 66.0 55.0 62.0
87.0 83.0 74.0 82.0
83.0 84.0 73.0 80.0
66.0 66.0 55.0 62.0
80.0 80.0 67.0 77.0
66.0 67.0 56.0 62.0
84.0 83.0 72.0 77.0
66.0 68.0 57.0 63.0
84.0 82.0 71.0 79.0
67.0 68.0 55.0 64.0
83.0 83.0 71.0 78.0
67.0 68.0 55.0 63.0
85.0 82.0 71.0 82.0
77.0 66.0 60.0 62.0
82.0 80.0 69.0 75.0
68.0 68.0 57.0 64.0
82.0 82.0 70.0 74.0
65.0 66.0 55.0 62.0
85.0 82.0 73.0 79.0
68.0 67.0 58.0 61.0
84.0 81.0 71.0 79.0
65.0 68.0 56.0 62.0
82.0 81.0 73.0 77.0
85.0 82.0 73.0 80.0
81.0 81.0 70.0 78.0
82.0 79.0 73.0 79.0
66.0 75.0 72.0 70.0
81.0 73.0 63.0 71.0
87.0 83.0 74.0 79.0
81.0 79.0 67.0 75.0
84.0 79.0 70.0 77.0
65.0 67.0 56.0 58.0
81.0 82.0 70.0 79.0
84.0 83.0 73.0 79.0
63.0 65.0 53.0 60.0
80.0 82.0 69.0 77.0
64.0 65.0 52.0 61.0
82.0 80.0 69.0 79.0
83.0 80.0 70.0 77.0
83.0 83.0 73.0 82.0
64.0 65.0 54.0 58.0
81.0 80.0 69.0 73.0
84.0 82.0 71.0 79.0
81.0 80.0 69.0 77.0
83.0 81.0 71.0 77.0
66.0 67.0 56.0 64.0
78.0 79.0 71.0 80.0
78.0 82.0 73.0 81.0
65.0 66.0 55.0 61.0
85.0 82.0 68.0 80.0
86.0 81.0 72.0 79.0
80.0 78.0 67.0 74.0
74.0 78.0 69.0 78.0
81.0 81.0 70.0 74.0
67.0 68.0 56.0 65.0
66.0 67.0 54.0 59.0
65.0 64.0 55.0 61.0
82.0 82.0 72.0 77.0
65.0 65.0 50.0 58.0
85.0 83.0 72.0 79.0
87.0 79.0 73.0 78.0
81.0 78.0 66.0 75.0
81.0 77.0 68.0 74.0
65.0 65.0 55.0 60.0
82.0 78.0 69.0 76.0
62.0 67.0 56.0 63.0
85.0 83.0 71.0 78.0
64.0 66.0 55.0 62.0
82.0 78.0 73.0 74.0
85.0 83.0 71.0 73.0
63.0 65.0 55.0 61.0
83.0 81.0 69.0 76.0
78.0 82.0 73.0 76.0
81.0 73.0 70.0 76.0
85.0 81.0 71.0 74.0
65.0 67.0 56.0 60.0
83.0 79.0 70.0 76.0
65.0 66.0 53.0 63.0
79.0 81.0 69.0 75.0
81.0 81.0 71.0 78.0
64.0 63.0 53.0 62.0
83.0 83.0 71.0 79.0
63.0 64.0 53.0 60.0
81.0 72.0 68.0 77.0
62.0 66.0 55.0 62.0
83.0 82.0 71.0 79.0
65.0 64.0 54.0 60.0
82.0 82.0 71.0 81.0
85.0 84.0 72.0 81.0
81.0 78.0 68.0 75.0
80.0 82.0 71.0 76.0
81.0 79.0 68.0 76.0
81.0 82.0 70.0 77.0
65.0 66.0 54.0 62.0
70.0 77.0 65.0 77.0
79.0 82.0 70.0 78.0
61.0 64.0 53.0 58.0
80.0 80.0 68.0 76.0
81.0 81.0 69.0 76.0
75.0 54.0 49.0 54.0
81.0 79.0 70.0 74.0
66.0 69.0 57.0 62.0
65.0 66.0 55.0 61.0
81.0 83.0 72.0 76.0
60.0 64.0 51.0 61.0
83.0 82.0 71.0 79.0
65.0 64.0 55.0 62.0
83.0 83.0 71.0 79.0
85.0 82.0 72.0 79.0
81.0 80.0 67.0 77.0
83.0 83.0 73.0 80.0
67.0 68.0 57.0 64.0
82.0 82.0 70.0 77.0
69.0 69.0 57.0 63.0
81.0 80.0 69.0 77.0
69.0 69.0 58.0 63.0
83.0 81.0 71.0 78.0
68.0 69.0 56.0 63.0
83.0 81.0 71.0 76.0
67.0 69.0 58.0 64.0
83.0 83.0 68.0 77.0
68.0 69.0 59.0 64.0
81.0 81.0 71.0 76.0
66.0 69.0 58.0 64.0
82.0 81.0 69.0 77.0
67.0 69.0 58.0 63.0
76.0 82.0 69.0 73.0
68.0 69.0 58.0 65.0
83.0 83.0 69.0 79.0
67.0 59.0 58.0 63.0
61.0 66.0 56.0 61.0
79.0 75.0 65.0 69.0
82.0 82.0 71.0 76.0
56.0 59.0 52.0 74.0
79.0 77.0 62.0 77.0
76.0 76.0 66.0 72.0
85.0 67.0 65.0 76.0
81.0 80.0 69.0 76.0
82.0 78.0 71.0 73.0
70.0 74.0 65.0 65.0
85.0 82.0 70.0 78.0
70.0 72.0 61.0 66.0
80.0 78.0 66.0 76.0
70.0 71.0 60.0 67.0
70.0 63.0 69.0 59.0
83.0 81.0 71.0 78.0
86.0 82.0 72.0 79.0
83.0 81.0 69.0 77.0
65.0 65.0 56.0 60.0
82.0 80.0 69.0 75.0
66.0 66.0 55.0 60.0
83.0 81.0 70.0 76.0
81.0 81.0 71.0 77.0
84.0 82.0 71.0 79.0
62.0 67.0 54.0 61.0
82.0 81.0 70.0 76.0
66.0 67.0 55.0 62.0
85.0 82.0 71.0 77.0
82.0 81.0 71.0 78.0
64.0 64.0 51.0 59.0
80.0 77.0 68.0 75.0
60.0 59.0 50.0 55.0
81.0 80.0 71.0 74.0
82.0 80.0 68.0 77.0
63.0 66.0 54.0 60.0
81.0 80.0 68.0 76.0
80.0 80.0 64.0 76.0
62.0 64.0 53.0 59.0
83.0 79.0 66.0 77.0
81.0 82.0 72.0 72.0
81.0 80.0 68.0 73.0
80.0 80.0 69.0 73.0
64.0 64.0 53.0 60.0
63.0 64.0 51.0 60.0
80.0 79.0 69.0 76.0
83.0 82.0 71.0 78.0
77.0 79.0 63.0 78.0
84.0 82.0 69.0 75.0
77.0 74.0 68.0 66.0
83.0 82.0 73.0 77.0
80.0 80.0 67.0 75.0
79.0 82.0 71.0 78.0
78.0 79.0 68.0 75.0
79.0 76.0 69.0 74.0
65.0 66.0 55.0 62.0
83.0 80.0 71.0 77.0
85.0 77.0 71.0 79.0
52.0 52.0 47.0 61.0
84.0 82.0 70.0 75.0
63.0 65.0 51.0 58.0
84.0 78.0 70.0 80.0
65.0 65.0 54.0 60.0
76.0 76.0 70.0 75.0
75.0 76.0 63.0 71.0
83.0 77.0 71.0 77.0
61.0 64.0 48.0 57.0
83.0 81.0 67.0 76.0
83.0 80.0 70.0 79.0
86.0 81.0 73.0 79.0
65.0 65.0 55.0 61.0
83.0 83.0 71.0 79.0
65.0 65.0 55.0 54.0
85.0 83.0 72.0 78.0
64.0 66.0 55.0 56.0
80.0 79.0 69.0 75.0
81.0 81.0 68.0 74.0
65.0 66.0 55.0 64.0
82.0 80.0 69.0 76.0
67.0 66.0 57.0 62.0
63.0 66.0 54.0 61.0
83.0 80.0 67.0 75.0
78.0 80.0 70.0 76.0
81.0 78.0 66.0 74.0
85.0 83.0 71.0 80.0
80.0 78.0 67.0 74.0
84.0 81.0 69.0 79.0
66.0 67.0 57.0 63.0
81.0 81.0 71.0 77.0
81.0 81.0 72.0 76.0
65.0 65.0 55.0 58.0
82.0 81.0 71.0 78.0
62.0 66.0 54.0 61.0
85.0 82.0 71.0 79.0
79.0 78.0 63.0 81.0
76.0 76.0 66.0 74.0
81.0 80.0 69.0 79.0
85.0 82.0 72.0 78.0
79.0 81.0 69.0 73.0
80.0 77.0 67.0 75.0
84.0 82.0 71.0 79.0
85.0 82.0 72.0 78.0
64.0 66.0 55.0 62.0
83.0 81.0 69.0 76.0
84.0 82.0 69.0 77.0
75.0 78.0 69.0 70.0
81.0 79.0 67.0 75.0
80.0 76.0 68.0 76.0
65.0 65.0 54.0 61.0
79.0 82.0 71.0 77.0
59.0 64.0 49.0 56.0
77.0 72.0 64.0 68.0
65.0 62.0 54.0 62.0
84.0 83.0 69.0 77.0
63.0 66.0 53.0 62.0
81.0 80.0 69.0 76.0
55.0 56.0 51.0 57.0
80.0 79.0 67.0 75.0
85.0 84.0 71.0 79.0
77.0 78.0 66.0 73.0
83.0 81.0 71.0 78.0
77.0 73.0 63.0 70.0
85.0 80.0 74.0 79.0
72.0 74.0 58.0 65.0
85.0 82.0 71.0 79.0
69.0 70.0 60.0 66.0
65.0 66.0 54.0 62.0
85.0 81.0 67.0 79.0
83.0 80.0 69.0 77.0
71.0 71.0 60.0 66.0
65.0 64.0 55.0 62.0
83.0 82.0 69.0 77.0
66.0 66.0 54.0 62.0
82.0 81.0 71.0 77.0
64.0 64.0 52.0 59.0
81.0 80.0 68.0 78.0
66.0 65.0 55.0 62.0
80.0 81.0 69.0 76.0
65.0 65.0 55.0 61.0
65.0 63.0 53.0 60.0
83.0 76.0 70.0 75.0
83.0 80.0 71.0 77.0
64.0 66.0 54.0 61.0
82.0 78.0 68.0 78.0
81.0 80.0 70.0 78.0
64.0 64.0 53.0 60.0
83.0 80.0 71.0 78.0
61.0 64.0 54.0 59.0
83.0 74.0 69.0 73.0
81.0 80.0 74.0 79.0
81.0 80.0 66.0 75.0
83.0 82.0 72.0 78.0
65.0 65.0 55.0 60.0
83.0 80.0 71.0 77.0
62.0 64.0 53.0 61.0
81.0 80.0 71.0 77.0
64.0 66.0 55.0 62.0
64.0 63.0 51.0 59.0
83.0 79.0 71.0 77.0
81.0 80.0 67.0 80.0
80.0 79.0 65.0 75.0
82.0 82.0 69.0 78.0
86.0 82.0 63.0 70.0
64.0 61.0 53.0 57.0
83.0 81.0 70.0 76.0
83.0 81.0 71.0 78.0
61.0 65.0 53.0 63.0
64.0 64.0 53.0 60.0
80.0 82.0 69.0 74.0
80.0 77.0 67.0 77.0
65.0 65.0 55.0 62.0
79.0 77.0 68.0 74.0
65.0 66.0 56.0 61.0
63.0 62.0 53.0 58.0
81.0 80.0 68.0 74.0
62.0 64.0 51.0 60.0
81.0 80.0 69.0 77.0
63.0 63.0 53.0 60.0
79.0 78.0 67.0 61.0
64.0 64.0 53.0 59.0
79.0 80.0 69.0 76.0
78.0 77.0 66.0 72.0
65.0 65.0 55.0 59.0
79.0 80.0 67.0 75.0
60.0 61.0 53.0 58.0
80.0 78.0 68.0 75.0
79.0 80.0 69.0 76.0
63.0 64.0 54.0 60.0
63.0 65.0 55.0 61.0
79.0 79.0 71.0 76.0
81.0 79.0 69.0 75.0
71.0 76.0 68.0 69.0
78.0 79.0 63.0 75.0
81.0 82.0 71.0 77.0
65.0 66.0 55.0 62.0
63.0 63.0 52.0 60.0
80.0 77.0 65.0 74.0
79.0 81.0 64.0 77.0
81.0 76.0 64.0 71.0
78.0 83.0 71.0 76.0
66.0 65.0 55.0 62.0
80.0 78.0 66.0 74.0
62.0 62.0 69.0 57.0
63.0 64.0 53.0 60.0
73.0 78.0 55.0 72.0
80.0 81.0 68.0 79.0
64.0 66.0 56.0 62.0
75.0 74.0 67.0 69.0
60.0 67.0 52.0 62.0
64.0 64.0 53.0 60.0
81.0 79.0 70.0 78.0
65.0 65.0 50.0 60.0
80.0 68.0 69.0 77.0
69.0 66.0 60.0 71.0
81.0 81.0 69.0 75.0
63.0 59.0 48.0 49.0
83.0 78.0 70.0 75.0
82.0 82.0 70.0 78.0
76.0 75.0 64.0 74.0
64.0 64.0 53.0 60.0
82.0 79.0 70.0 77.0
75.0 75.0 67.0 69.0
69.0 76.0 64.0 73.0
76.0 77.0 67.0 73.0
77.0 80.0 70.0 77.0
81.0 80.0 62.0 75.0
67.0 66.0 55.0 62.0
81.0 79.0 61.0 75.0
67.0 67.0 57.0 63.0
81.0 81.0 68.0 77.0
68.0 75.0 54.0 69.0
84.0 81.0 69.0 79.0
68.0 68.0 58.0 64.0
63.0 65.0 52.0 60.0
82.0 77.0 65.0 73.0
83.0 81.0 70.0 77.0
76.0 70.0 64.0 69.0
72.0 73.0 60.0 71.0
70.0 71.0 59.0 66.0
78.0 80.0 68.0 67.0
71.0 69.0 60.0 68.0
63.0 62.0 53.0 59.0
73.0 72.0 63.0 67.0
79.0 80.0 69.0 78.0
83.0 82.0 71.0 77.0
81.0 79.0 67.0 76.0
81.0 78.0 68.0 78.0
83.0 80.0 71.0 74.0
63.0 61.0 54.0 58.0
79.0 80.0 67.0 77.0
82.0 80.0 70.0 77.0
82.0 83.0 71.0 78.0
63.0 64.0 53.0 61.0
63.0 66.0 55.0 60.0
61.0 62.0 54.0 58.0
84.0 83.0 70.0 77.0
63.0 63.0 53.0 60.0
80.0 79.0 69.0 76.0
85.0 82.0 72.0 75.0
81.0 80.0 69.0 77.0
81.0 80.0 68.0 76.0
65.0 66.0 55.0 62.0
83.0 80.0 69.0 75.0
64.0 64.0 53.0 58.0
84.0 80.0 69.0 76.0
66.0 66.0 55.0 62.0
76.0 66.0 65.0 72.0
65.0 65.0 53.0 60.0
79.0 80.0 69.0 76.0
59.0 62.0 49.0 56.0
81.0 80.0 70.0 75.0
81.0 82.0 69.0 79.0
63.0 64.0 53.0 59.0
83.0 80.0 66.0 79.0
62.0 63.0 51.0 60.0
71.0 74.0 65.0 67.0
83.0 81.0 69.0 77.0
78.0 80.0 65.0 75.0
81.0 77.0 69.0 74.0
82.0 80.0 70.0 75.0
80.0 80.0 69.0 73.0
79.0 79.0 67.0 71.0
80.0 80.0 69.0 77.0
81.0 82.0 68.0 77.0
82.0 80.0 68.0 75.0
79.0 74.0 63.0 73.0
81.0 80.0 68.0 77.0
81.0 75.0 68.0 75.0
80.0 79.0 69.0 77.0
81.0 63.0 54.0 60.0
81.0 81.0 73.0 79.0
64.0 66.0 54.0 62.0
62.0 63.0 53.0 58.0
78.0 79.0 62.0 75.0
71.0 79.0 68.0 75.0
67.0 66.0 55.0 62.0
81.0 80.0 66.0 77.0
81.0 79.0 68.0 75.0
81.0 79.0 69.0 78.0
65.0 65.0 55.0 63.0
78.0 72.0 66.0 76.0
74.0 79.0 67.0 74.0
70.0 74.0 64.0 70.0
60.0 65.0 55.0 62.0
61.0 64.0 53.0 58.0
65.0 66.0 57.0 61.0
77.0 75.0 66.0 72.0
68.0 71.0 64.0 72.0
80.0 78.0 68.0 76.0
65.0 65.0 55.0 59.0
59.0 64.0 53.0 60.0
80.0 80.0 69.0 77.0
83.0 79.0 71.0 77.0
65.0 66.0 55.0 61.0
81.0 77.0 67.0 75.0
79.0 77.0 69.0 77.0
63.0 62.0 54.0 55.0
65.0 69.0 68.0 66.0
71.0 79.0 65.0 76.0
80.0 78.0 68.0 74.0
81.0 80.0 69.0 75.0
80.0 82.0 71.0 78.0
80.0 80.0 67.0 75.0
77.0 76.0 65.0 72.0
81.0 81.0 69.0 77.0
80.0 79.0 68.0 76.0
83.0 82.0 73.0 79.0
64.0 67.0 55.0 61.0
63.0 62.0 53.0 60.0
83.0 78.0 70.0 78.0
76.0 81.0 67.0 73.0
80.0 79.0 68.0 75.0
74.0 68.0 54.0 64.0
80.0 78.0 67.0 67.0
45.0 45.0 40.0 41.0
80.0 79.0 67.0 77.0
71.0 80.0 62.0 68.0
67.0 61.0 58.0 63.0
79.0 79.0 68.0 73.0
68.0 69.0 57.0 64.0
80.0 81.0 65.0 77.0
61.0 62.0 68.0 59.0
81.0 77.0 68.0 75.0
67.0 69.0 58.0 63.0
83.0 69.0 57.0 68.0
65.0 68.0 58.0 64.0
79.0 77.0 67.0 74.0
82.0 81.0 68.0 78.0
65.0 59.0 51.0 59.0
72.0 73.0 62.0 70.0
81.0 77.0 68.0 79.0
80.0 78.0 68.0 78.0
64.0 65.0 49.0 60.0
71.0 76.0 67.0 75.0
77.0 72.0 68.0 74.0
83.0 80.0 70.0 79.0
65.0 65.0 55.0 62.0
78.0 79.0 68.0 75.0
65.0 65.0 51.0 61.0
61.0 64.0 54.0 58.0
83.0 80.0 69.0 77.0
82.0 80.0 73.0 82.0
78.0 80.0 67.0 74.0
79.0 78.0 62.0 77.0
85.0 82.0 72.0 79.0
83.0 82.0 71.0 78.0
81.0 79.0 69.0 75.0
83.0 80.0 69.0 77.0
85.0 81.0 73.0 79.0
59.0 64.0 53.0 60.0
80.0 78.0 68.0 75.0
81.0 73.0 73.0 77.0
79.0 80.0 67.0 74.0
83.0 81.0 71.0 77.0
81.0 81.0 66.0 75.0
81.0 83.0 71.0 79.0
63.0 66.0 55.0 62.0
77.0 74.0 68.0 76.0
64.0 63.0 57.0 56.0
33.0 34.0 30.0 30.0
25.0 26.0 23.0 24.0
25.0 25.0 21.0 22.0
24.0 24.0 20.0 21.0
23.0 24.0 20.0 21.0
22.0 23.0 20.0 20.0
21.0 23.0 18.0 20.0
21.0 22.0 18.0 19.0
22.0 22.0 19.0 19.0
21.0 21.0 18.0 19.0
20.0 21.0 18.0 18.0
20.0 21.0 18.0 18.0
20.0 21.0 18.0 18.0
21.0 21.0 17.0 18.0
20.0 21.0 17.0 18.0
20.0 20.0 17.0 18.0
20.0 21.0 17.0 18.0
20.0 21.0 17.0 17.0
20.0 21.0 17.0 18.0
20.0 20.0 17.0 17.0
19.0 20.0 17.0 17.0
20.0 20.0 17.0 18.0
20.0 20.0 17.0 17.0
19.0 19.0 17.0 18.0
20.0 20.0 17.0 17.0
19.0 20.0 17.0 18.0
20.0 23.0 17.0 17.0
20.0 20.0 17.0 17.0
19.0 20.0 17.0 17.0
20.0 20.0 17.0 18.0
20.0 20.0 17.0 17.0
20.0 20.0 17.0 17.0
19.0 20.0 17.0 18.0
19.0 20.0 17.0 17.0
20.0 21.0 17.0 18.0
20.0 20.0 17.0 17.0
20.0 19.0 17.0 17.0
20.0 20.0 17.0 18.0
20.0 21.0 17.0 17.0
20.0 19.0 17.0 18.0
19.0 20.0 17.0 18.0
20.0 20.0 17.0 18.0
