93.0 90.0 78.0 87.0
70.0 65.0 59.0 68.0
64.0 75.0 59.0 62.0
96.0 93.0 78.0 89.0
91.0 90.0 76.0 88.0
70.0 73.0 59.0 65.0
73.0 75.0 62.0 70.0
91.0 93.0 76.0 86.0
91.0 90.0 77.0 81.0
71.0 72.0 60.0 68.0
73.0 75.0 62.0 68.0
91.0 91.0 78.0 88.0
91.0 90.0 77.0 86.0
70.0 72.0 61.0 69.0
73.0 73.0 61.0 69.0
89.0 92.0 77.0 78.0
89.0 89.0 77.0 84.0
72.0 72.0 62.0 68.0
73.0 71.0 62.0 64.0
87.0 93.0 78.0 88.0
94.0 89.0 76.0 87.0
72.0 72.0 60.0 68.0
73.0 73.0 61.0 70.0
94.0 93.0 78.0 86.0
89.0 87.0 77.0 85.0
70.0 73.0 60.0 68.0
73.0 74.0 63.0 70.0
96.0 93.0 77.0 89.0
92.0 89.0 79.0 87.0
71.0 73.0 61.0 69.0
73.0 73.0 63.0 69.0
93.0 93.0 79.0 87.0
92.0 90.0 77.0 86.0
71.0 73.0 60.0 68.0
72.0 73.0 59.0 68.0
83.0 81.0 79.0 90.0
92.0 90.0 77.0 86.0
73.0 73.0 60.0 68.0
73.0 74.0 62.0 70.0
91.0 90.0 78.0 89.0
91.0 89.0 76.0 85.0
71.0 72.0 58.0 67.0
73.0 73.0 61.0 69.0
92.0 91.0 78.0 87.0
91.0 85.0 76.0 84.0
71.0 71.0 60.0 68.0
73.0 73.0 62.0 68.0
94.0 91.0 77.0 87.0
91.0 86.0 76.0 85.0
72.0 72.0 60.0 68.0
74.0 73.0 63.0 68.0
93.0 90.0 76.0 81.0
73.0 75.0 63.0 68.0
95.0 88.0 79.0 89.0
91.0 89.0 75.0 87.0
70.0 71.0 57.0 66.0
87.0 88.0 76.0 84.0
65.0 70.0 56.0 69.0
73.0 73.0 64.0 69.0
89.0 92.0 77.0 88.0
91.0 90.0 76.0 85.0
73.0 73.0 59.0 66.0
75.0 74.0 62.0 70.0
92.0 90.0 76.0 85.0
88.0 89.0 75.0 85.0
71.0 72.0 61.0 67.0
74.0 73.0 62.0 68.0
92.0 90.0 78.0 85.0
73.0 73.0 61.0 67.0
76.0 76.0 63.0 71.0
87.0 89.0 69.0 84.0
87.0 88.0 76.0 83.0
73.0 74.0 60.0 68.0
75.0 75.0 63.0 69.0
92.0 89.0 77.0 84.0
88.0 88.0 73.0 81.0
72.0 73.0 61.0 69.0
75.0 74.0 64.0 69.0
92.0 91.0 78.0 87.0
90.0 88.0 76.0 83.0
72.0 72.0 61.0 68.0
75.0 76.0 64.0 71.0
92.0 91.0 74.0 88.0
87.0 86.0 73.0 83.0
71.0 71.0 60.0 68.0
76.0 76.0 63.0 71.0
92.0 88.0 76.0 84.0
83.0 84.0 72.0 81.0
73.0 73.0 60.0 70.0
78.0 79.0 65.0 71.0
90.0 91.0 78.0 88.0
85.0 84.0 73.0 76.0
73.0 72.0 62.0 69.0
78.0 79.0 68.0 75.0
95.0 90.0 77.0 88.0
85.0 83.0 68.0 80.0
73.0 73.0 63.0 69.0
81.0 82.0 72.0 79.0
92.0 87.0 79.0 80.0
72.0 72.0 59.0 68.0
73.0 73.0 62.0 68.0
94.0 93.0 79.0 89.0
89.0 88.0 78.0 86.0
71.0 72.0 61.0 68.0
73.0 73.0 62.0 69.0
94.0 91.0 79.0 87.0
93.0 92.0 78.0 87.0
72.0 71.0 60.0 68.0
71.0 72.0 61.0 68.0
94.0 89.0 79.0 86.0
93.0 91.0 76.0 85.0
72.0 73.0 60.0 67.0
74.0 72.0 63.0 68.0
94.0 91.0 76.0 87.0
92.0 89.0 75.0 87.0
72.0 72.0 63.0 68.0
72.0 73.0 61.0 69.0
95.0 91.0 81.0 89.0
90.0 88.0 74.0 84.0
71.0 72.0 60.0 66.0
72.0 72.0 61.0 68.0
94.0 90.0 78.0 86.0
92.0 88.0 75.0 85.0
71.0 72.0 59.0 66.0
74.0 74.0 61.0 68.0
93.0 92.0 78.0 86.0
90.0 89.0 77.0 84.0
71.0 71.0 60.0 66.0
72.0 73.0 62.0 67.0
91.0 88.0 76.0 85.0
89.0 86.0 76.0 83.0
71.0 72.0 58.0 67.0
73.0 71.0 62.0 68.0
91.0 89.0 77.0 87.0
91.0 90.0 77.0 83.0
71.0 71.0 62.0 67.0
72.0 73.0 62.0 68.0
92.0 89.0 78.0 81.0
89.0 87.0 74.0 83.0
62.0 71.0 61.0 57.0
71.0 72.0 61.0 69.0
91.0 87.0 77.0 85.0
88.0 84.0 76.0 84.0
71.0 72.0 60.0 67.0
72.0 72.0 62.0 68.0
91.0 88.0 76.0 84.0
89.0 85.0 74.0 83.0
71.0 71.0 59.0 66.0
73.0 73.0 60.0 68.0
89.0 88.0 77.0 84.0
85.0 86.0 76.0 84.0
70.0 71.0 59.0 66.0
74.0 73.0 60.0 69.0
91.0 82.0 77.0 80.0
87.0 88.0 73.0 83.0
71.0 70.0 61.0 66.0
74.0 73.0 65.0 69.0
90.0 90.0 74.0 86.0
88.0 87.0 74.0 83.0
71.0 72.0 61.0 67.0
74.0 73.0 65.0 69.0
91.0 89.0 76.0 83.0
88.0 87.0 71.0 80.0
71.0 71.0 60.0 68.0
73.0 74.0 63.0 70.0
88.0 88.0 74.0 85.0
89.0 88.0 74.0 84.0
72.0 72.0 63.0 67.0
73.0 75.0 61.0 69.0
93.0 87.0 78.0 83.0
89.0 85.0 74.0 80.0
71.0 71.0 60.0 67.0
74.0 73.0 61.0 69.0
92.0 89.0 77.0 85.0
88.0 86.0 70.0 83.0
72.0 72.0 63.0 67.0
72.0 75.0 62.0 70.0
92.0 86.0 76.0 85.0
89.0 86.0 74.0 83.0
71.0 72.0 61.0 66.0
74.0 73.0 62.0 70.0
90.0 90.0 73.0 84.0
87.0 86.0 74.0 80.0
66.0 72.0 60.0 66.0
74.0 73.0 65.0 71.0
70.0 74.0 62.0 68.0
70.0 67.0 62.0 70.0
90.0 84.0 76.0 78.0
85.0 85.0 72.0 81.0
67.0 71.0 61.0 66.0
75.0 73.0 62.0 70.0
90.0 84.0 74.0 83.0
84.0 80.0 73.0 74.0
72.0 72.0 60.0 67.0
76.0 76.0 63.0 70.0
92.0 88.0 77.0 85.0
85.0 85.0 72.0 81.0
71.0 73.0 61.0 66.0
75.0 75.0 63.0 72.0
88.0 88.0 76.0 85.0
75.0 72.0 57.0 73.0
71.0 72.0 59.0 66.0
76.0 77.0 66.0 72.0
91.0 88.0 76.0 79.0
82.0 83.0 71.0 77.0
71.0 72.0 63.0 67.0
81.0 79.0 66.0 74.0
88.0 85.0 76.0 84.0
75.0 77.0 62.0 73.0
72.0 72.0 57.0 69.0
82.0 86.0 79.0 87.0
89.0 89.0 78.0 85.0
71.0 71.0 60.0 66.0
72.0 72.0 63.0 68.0
93.0 89.0 79.0 86.0
89.0 87.0 74.0 84.0
71.0 72.0 58.0 66.0
73.0 73.0 62.0 69.0
91.0 90.0 79.0 87.0
67.0 72.0 63.0 67.0
86.0 89.0 75.0 85.0
90.0 86.0 74.0 85.0
70.0 70.0 58.0 66.0
71.0 72.0 61.0 66.0
89.0 88.0 76.0 81.0
81.0 83.0 70.0 75.0
75.0 75.0 65.0 71.0
88.0 87.0 71.0 84.0
85.0 82.0 69.0 77.0
71.0 71.0 60.0 66.0
73.0 88.0 74.0 82.0
72.0 72.0 62.0 68.0
91.0 88.0 78.0 84.0
87.0 84.0 74.0 83.0
71.0 72.0 60.0 66.0
73.0 73.0 63.0 68.0
72.0 72.0 60.0 66.0
73.0 73.0 62.0 66.0
93.0 88.0 72.0 85.0
71.0 72.0 60.0 67.0
73.0 72.0 62.0 68.0
89.0 88.0 61.0 85.0
80.0 83.0 71.0 81.0
71.0 72.0 61.0 67.0
76.0 77.0 65.0 72.0
88.0 87.0 75.0 84.0
73.0 73.0 61.0 70.0
91.0 88.0 76.0 83.0
67.0 70.0 56.0 64.0
84.0 86.0 74.0 80.0
68.0 71.0 59.0 67.0
71.0 73.0 58.0 69.0
91.0 90.0 76.0 84.0
85.0 87.0 75.0 81.0
70.0 71.0 60.0 66.0
71.0 72.0 60.0 66.0
88.0 89.0 70.0 87.0
87.0 85.0 75.0 83.0
70.0 70.0 60.0 66.0
73.0 72.0 61.0 68.0
93.0 91.0 78.0 84.0
82.0 90.0 76.0 84.0
71.0 71.0 59.0 65.0
72.0 73.0 62.0 67.0
89.0 90.0 76.0 84.0
84.0 84.0 72.0 79.0
71.0 72.0 54.0 68.0
73.0 73.0 60.0 68.0
90.0 88.0 76.0 82.0
88.0 86.0 76.0 84.0
91.0 88.0 76.0 85.0
90.0 87.0 75.0 85.0
71.0 73.0 62.0 67.0
71.0 72.0 60.0 66.0
79.0 83.0 64.0 74.0
69.0 72.0 57.0 62.0
74.0 73.0 63.0 70.0
70.0 71.0 61.0 67.0
73.0 73.0 61.0 68.0
92.0 91.0 76.0 85.0
74.0 71.0 61.0 68.0
95.0 86.0 76.0 85.0
84.0 85.0 74.0 79.0
70.0 72.0 57.0 63.0
73.0 74.0 59.0 69.0
92.0 90.0 78.0 87.0
87.0 86.0 76.0 81.0
70.0 72.0 58.0 66.0
73.0 74.0 61.0 69.0
91.0 90.0 73.0 86.0
85.0 85.0 74.0 81.0
71.0 71.0 60.0 67.0
71.0 72.0 60.0 68.0
81.0 82.0 67.0 75.0
88.0 86.0 75.0 83.0
72.0 72.0 59.0 66.0
73.0 73.0 62.0 68.0
89.0 85.0 76.0 81.0
85.0 84.0 74.0 82.0
72.0 72.0 60.0 66.0
74.0 73.0 63.0 70.0
86.0 90.0 69.0 82.0
88.0 85.0 74.0 81.0
68.0 71.0 59.0 67.0
74.0 73.0 63.0 70.0
89.0 88.0 76.0 84.0
86.0 84.0 72.0 81.0
71.0 71.0 61.0 67.0
74.0 73.0 63.0 69.0
89.0 88.0 75.0 85.0
84.0 82.0 72.0 79.0
69.0 70.0 59.0 66.0
74.0 74.0 64.0 70.0
92.0 87.0 79.0 85.0
86.0 82.0 70.0 79.0
70.0 70.0 60.0 65.0
74.0 73.0 63.0 67.0
77.0 79.0 69.0 86.0
75.0 74.0 65.0 69.0
74.0 89.0 60.0 84.0
81.0 73.0 71.0 73.0
71.0 72.0 60.0 68.0
76.0 78.0 67.0 74.0
86.0 88.0 74.0 85.0
81.0 80.0 68.0 75.0
72.0 67.0 61.0 67.0
85.0 84.0 73.0 81.0
89.0 85.0 73.0 83.0
71.0 71.0 60.0 64.0
72.0 72.0 60.0 68.0
91.0 89.0 78.0 83.0
88.0 88.0 73.0 84.0
70.0 71.0 58.0 66.0
73.0 63.0 63.0 69.0
92.0 90.0 74.0 86.0
86.0 87.0 75.0 84.0
64.0 71.0 60.0 65.0
71.0 72.0 60.0 66.0
89.0 83.0 73.0 84.0
30.0 31.0 26.0 27.0
28.0 28.0 25.0 25.0
27.0 27.0 24.0 24.0
26.0 27.0 23.0 23.0
25.0 26.0 24.0 23.0
24.0 25.0 23.0 23.0
24.0 25.0 22.0 22.0
23.0 24.0 20.0 21.0
23.0 24.0 20.0 20.0
24.0 25.0 21.0 22.0
34.0 51.0 30.0 33.0
23.0 25.0 20.0 21.0
23.0 25.0 20.0 21.0
23.0 23.0 20.0 21.0
23.0 24.0 20.0 21.0
24.0 25.0 22.0 22.0
23.0 24.0 20.0 20.0
22.0 24.0 19.0 21.0
22.0 24.0 20.0 20.0
23.0 24.0 20.0 20.0
22.0 23.0 19.0 20.0
22.0 23.0 19.0 20.0
22.0 23.0 19.0 20.0
23.0 24.0 20.0 21.0
22.0 24.0 20.0 20.0
23.0 24.0 20.0 21.0
22.0 24.0 19.0 20.0
22.0 23.0 18.0 19.0
22.0 23.0 19.0 20.0
25.0 26.0 22.0 22.0
42.0 30.0 24.0 23.0
25.0 25.0 22.0 22.0
23.0 25.0 20.0 21.0
25.0 25.0 22.0 22.0
22.0 24.0 19.0 20.0
23.0 24.0 19.0 21.0
