23.0 25.0 20.0 21.0
84.0 87.0 73.0 82.0
84.0 84.0 71.0 79.0
70.0 72.0 59.0 66.0
74.0 77.0 63.0 71.0
90.0 91.0 76.0 84.0
88.0 88.0 76.0 83.0
72.0 72.0 62.0 69.0
78.0 80.0 65.0 73.0
94.0 73.0 80.0 89.0
86.0 88.0 72.0 83.0
75.0 75.0 62.0 70.0
81.0 82.0 65.0 75.0
93.0 93.0 79.0 90.0
90.0 87.0 74.0 83.0
71.0 77.0 62.0 71.0
81.0 82.0 68.0 75.0
97.0 93.0 79.0 90.0
88.0 89.0 74.0 82.0
76.0 77.0 63.0 71.0
82.0 84.0 70.0 78.0
95.0 93.0 79.0 89.0
88.0 87.0 73.0 82.0
75.0 77.0 63.0 71.0
86.0 85.0 71.0 79.0
97.0 94.0 81.0 89.0
82.0 83.0 68.0 76.0
76.0 75.0 62.0 70.0
97.0 95.0 81.0 89.0
96.0 92.0 80.0 86.0
74.0 74.0 62.0 70.0
75.0 76.0 63.0 71.0
97.0 96.0 81.0 89.0
95.0 93.0 78.0 88.0
73.0 74.0 62.0 70.0
75.0 75.0 60.0 70.0
96.0 94.0 81.0 89.0
94.0 93.0 77.0 87.0
74.0 75.0 62.0 68.0
75.0 75.0 62.0 71.0
95.0 94.0 80.0 90.0
94.0 92.0 79.0 86.0
73.0 73.0 62.0 68.0
73.0 74.0 62.0 70.0
97.0 93.0 82.0 88.0
93.0 92.0 75.0 88.0
73.0 73.0 61.0 69.0
69.0 69.0 59.0 63.0
96.0 94.0 79.0 87.0
92.0 91.0 78.0 87.0
73.0 73.0 61.0 68.0
73.0 75.0 63.0 70.0
96.0 93.0 81.0 89.0
92.0 91.0 78.0 86.0
72.0 73.0 61.0 68.0
75.0 74.0 63.0 70.0
94.0 82.0 69.0 88.0
93.0 91.0 78.0 85.0
73.0 73.0 61.0 69.0
73.0 75.0 62.0 70.0
96.0 93.0 80.0 89.0
93.0 91.0 78.0 87.0
73.0 73.0 60.0 69.0
75.0 75.0 63.0 71.0
95.0 92.0 79.0 89.0
94.0 91.0 78.0 87.0
73.0 73.0 62.0 68.0
75.0 75.0 63.0 70.0
93.0 91.0 77.0 92.0
93.0 92.0 78.0 85.0
73.0 73.0 62.0 67.0
73.0 75.0 63.0 69.0
95.0 93.0 79.0 87.0
92.0 91.0 78.0 89.0
96.0 92.0 80.0 89.0
92.0 87.0 78.0 84.0
73.0 73.0 61.0 69.0
74.0 75.0 63.0 70.0
94.0 93.0 79.0 88.0
33.0 35.0 32.0 31.0
29.0 29.0 26.0 26.0
27.0 28.0 25.0 25.0
27.0 27.0 24.0 24.0
26.0 26.0 24.0 23.0
25.0 26.0 23.0 23.0
25.0 25.0 23.0 22.0
25.0 24.0 22.0 22.0
23.0 24.0 22.0 22.0
