65.0 68.0 54.0 63.0
76.0 75.0 65.0 71.0
77.0 77.0 61.0 73.0
79.0 74.0 67.0 73.0
76.0 77.0 65.0 73.0
78.0 75.0 65.0 72.0
78.0 76.0 65.0 73.0
78.0 76.0 65.0 73.0
78.0 71.0 62.0 67.0
68.0 77.0 53.0 62.0
78.0 78.0 65.0 75.0
77.0 77.0 65.0 73.0
79.0 76.0 66.0 74.0
77.0 79.0 66.0 72.0
80.0 77.0 67.0 75.0
75.0 72.0 63.0 73.0
78.0 77.0 67.0 74.0
79.0 78.0 66.0 73.0
78.0 77.0 66.0 72.0
74.0 73.0 63.0 70.0
79.0 76.0 67.0 73.0
79.0 77.0 66.0 73.0
78.0 78.0 67.0 75.0
65.0 70.0 63.0 74.0
78.0 77.0 66.0 72.0
78.0 78.0 67.0 73.0
77.0 77.0 67.0 74.0
80.0 77.0 66.0 74.0
79.0 79.0 66.0 73.0
78.0 78.0 66.0 73.0
79.0 78.0 66.0 74.0
78.0 77.0 67.0 73.0
79.0 77.0 67.0 75.0
78.0 77.0 67.0 75.0
77.0 77.0 63.0 74.0
78.0 78.0 66.0 73.0
77.0 78.0 67.0 73.0
67.0 70.0 63.0 67.0
80.0 78.0 65.0 75.0
77.0 76.0 62.0 72.0
74.0 78.0 59.0 75.0
77.0 76.0 65.0 73.0
78.0 77.0 65.0 75.0
75.0 73.0 60.0 70.0
59.0 60.0 46.0 56.0
76.0 77.0 66.0 73.0
77.0 74.0 64.0 72.0
78.0 76.0 62.0 73.0
70.0 76.0 59.0 73.0
78.0 78.0 66.0 72.0
80.0 78.0 67.0 73.0
77.0 77.0 68.0 73.0
80.0 77.0 68.0 74.0
79.0 78.0 67.0 75.0
76.0 74.0 64.0 70.0
73.0 72.0 61.0 69.0
78.0 76.0 66.0 74.0
76.0 76.0 65.0 72.0
74.0 77.0 66.0 73.0
78.0 77.0 67.0 75.0
79.0 77.0 66.0 74.0
80.0 79.0 69.0 73.0
76.0 75.0 68.0 74.0
79.0 77.0 65.0 73.0
77.0 78.0 66.0 73.0
77.0 75.0 63.0 72.0
79.0 77.0 66.0 74.0
80.0 77.0 69.0 73.0
78.0 77.0 65.0 72.0
63.0 64.0 55.0 50.0
80.0 77.0 63.0 74.0
78.0 77.0 65.0 73.0
80.0 79.0 69.0 75.0
78.0 77.0 66.0 73.0
78.0 77.0 67.0 73.0
72.0 61.0 59.0 68.0
77.0 76.0 67.0 73.0
74.0 76.0 66.0 75.0
79.0 78.0 68.0 73.0
78.0 75.0 65.0 72.0
77.0 76.0 64.0 71.0
78.0 75.0 67.0 73.0
78.0 77.0 65.0 73.0
77.0 76.0 63.0 73.0
79.0 78.0 63.0 74.0
79.0 76.0 67.0 73.0
77.0 76.0 64.0 73.0
71.0 71.0 60.0 67.0
79.0 77.0 66.0 73.0
77.0 75.0 67.0 73.0
78.0 77.0 67.0 71.0
77.0 77.0 67.0 73.0
79.0 78.0 67.0 73.0
78.0 77.0 65.0 74.0
71.0 74.0 62.0 68.0
79.0 76.0 66.0 73.0
78.0 77.0 66.0 73.0
77.0 75.0 67.0 74.0
78.0 77.0 64.0 73.0
58.0 58.0 48.0 55.0
75.0 76.0 66.0 73.0
77.0 76.0 67.0 74.0
79.0 78.0 66.0 73.0
77.0 77.0 66.0 71.0
77.0 76.0 64.0 73.0
78.0 77.0 65.0 73.0
78.0 77.0 67.0 73.0
79.0 77.0 67.0 73.0
77.0 77.0 65.0 72.0
77.0 78.0 65.0 73.0
74.0 76.0 56.0 71.0
78.0 77.0 68.0 74.0
75.0 74.0 64.0 68.0
78.0 77.0 65.0 72.0
79.0 75.0 66.0 73.0
80.0 77.0 66.0 73.0
77.0 78.0 65.0 74.0
79.0 77.0 67.0 71.0
79.0 78.0 68.0 74.0
77.0 77.0 65.0 74.0
79.0 78.0 66.0 73.0
77.0 76.0 65.0 74.0
76.0 77.0 66.0 73.0
78.0 72.0 69.0 72.0
77.0 77.0 65.0 73.0
77.0 76.0 63.0 72.0
77.0 77.0 67.0 73.0
74.0 75.0 63.0 71.0
26.0 27.0 22.0 24.0
25.0 25.0 22.0 23.0
75.0 75.0 63.0 70.0
75.0 74.0 65.0 71.0
76.0 76.0 65.0 73.0
75.0 76.0 65.0 71.0
77.0 77.0 63.0 73.0
77.0 77.0 65.0 71.0
72.0 73.0 60.0 67.0
57.0 59.0 49.0 55.0
77.0 74.0 66.0 73.0
77.0 77.0 65.0 72.0
76.0 77.0 65.0 67.0
58.0 60.0 48.0 55.0
79.0 77.0 67.0 72.0
78.0 76.0 66.0 73.0
77.0 76.0 65.0 73.0
71.0 75.0 66.0 72.0
80.0 77.0 65.0 73.0
78.0 76.0 67.0 74.0
79.0 75.0 65.0 74.0
80.0 74.0 62.0 64.0
78.0 78.0 65.0 74.0
81.0 79.0 67.0 67.0
77.0 78.0 66.0 72.0
59.0 60.0 49.0 56.0
74.0 73.0 63.0 70.0
78.0 77.0 65.0 73.0
61.0 63.0 49.0 56.0
77.0 74.0 68.0 72.0
77.0 72.0 63.0 74.0
78.0 78.0 62.0 75.0
80.0 77.0 66.0 74.0
80.0 78.0 67.0 70.0
62.0 62.0 51.0 57.0
79.0 77.0 67.0 74.0
78.0 76.0 64.0 74.0
61.0 78.0 68.0 75.0
79.0 78.0 65.0 73.0
76.0 76.0 64.0 71.0
79.0 77.0 65.0 75.0
58.0 60.0 47.0 57.0
77.0 77.0 65.0 71.0
71.0 71.0 67.0 76.0
76.0 73.0 63.0 70.0
59.0 60.0 50.0 55.0
80.0 76.0 66.0 73.0
79.0 77.0 66.0 73.0
75.0 74.0 65.0 71.0
80.0 75.0 66.0 69.0
74.0 73.0 62.0 70.0
77.0 78.0 67.0 73.0
79.0 77.0 66.0 73.0
77.0 77.0 65.0 73.0
79.0 78.0 65.0 74.0
78.0 77.0 68.0 72.0
74.0 72.0 58.0 69.0
80.0 79.0 68.0 74.0
78.0 77.0 63.0 72.0
80.0 77.0 67.0 75.0
80.0 76.0 67.0 74.0
78.0 78.0 67.0 72.0
63.0 63.0 52.0 58.0
79.0 77.0 67.0 73.0
78.0 78.0 66.0 74.0
71.0 69.0 66.0 73.0
61.0 62.0 53.0 58.0
61.0 61.0 50.0 52.0
77.0 76.0 64.0 70.0
60.0 60.0 50.0 55.0
78.0 77.0 66.0 71.0
72.0 75.0 65.0 71.0
78.0 76.0 68.0 65.0
59.0 60.0 50.0 55.0
62.0 63.0 53.0 58.0
79.0 77.0 67.0 74.0
69.0 73.0 61.0 71.0
76.0 76.0 63.0 70.0
78.0 78.0 65.0 73.0
77.0 76.0 67.0 73.0
78.0 78.0 65.0 72.0
78.0 77.0 65.0 71.0
65.0 65.0 53.0 59.0
79.0 77.0 63.0 73.0
78.0 76.0 68.0 73.0
74.0 76.0 64.0 71.0
79.0 77.0 68.0 73.0
82.0 79.0 59.0 74.0
78.0 78.0 67.0 75.0
60.0 62.0 51.0 57.0
80.0 78.0 68.0 73.0
60.0 61.0 50.0 55.0
79.0 78.0 65.0 74.0
75.0 74.0 64.0 69.0
80.0 77.0 64.0 71.0
81.0 79.0 68.0 76.0
80.0 78.0 66.0 74.0
60.0 61.0 50.0 57.0
77.0 77.0 65.0 71.0
78.0 77.0 65.0 73.0
79.0 77.0 67.0 73.0
80.0 76.0 67.0 74.0
80.0 79.0 69.0 76.0
80.0 78.0 67.0 73.0
59.0 61.0 50.0 54.0
79.0 76.0 66.0 73.0
80.0 77.0 67.0 73.0
79.0 78.0 59.0 74.0
79.0 76.0 68.0 73.0
77.0 78.0 67.0 73.0
79.0 78.0 69.0 74.0
79.0 77.0 68.0 73.0
79.0 74.0 65.0 73.0
61.0 63.0 49.0 59.0
78.0 76.0 62.0 74.0
77.0 77.0 59.0 65.0
80.0 77.0 63.0 72.0
80.0 79.0 67.0 75.0
78.0 77.0 66.0 73.0
70.0 79.0 65.0 69.0
78.0 77.0 68.0 73.0
78.0 77.0 67.0 73.0
77.0 78.0 66.0 73.0
77.0 76.0 64.0 73.0
81.0 79.0 67.0 74.0
78.0 77.0 65.0 74.0
77.0 77.0 65.0 73.0
81.0 77.0 66.0 73.0
78.0 74.0 67.0 72.0
77.0 78.0 68.0 73.0
78.0 77.0 66.0 73.0
76.0 79.0 61.0 74.0
59.0 62.0 49.0 57.0
81.0 80.0 69.0 76.0
73.0 76.0 68.0 72.0
79.0 70.0 60.0 73.0
30.0 31.0 27.0 28.0
26.0 27.0 24.0 24.0
76.0 78.0 64.0 72.0
78.0 77.0 66.0 72.0
78.0 77.0 67.0 73.0
77.0 77.0 65.0 71.0
79.0 79.0 67.0 72.0
79.0 76.0 67.0 64.0
79.0 78.0 65.0 73.0
61.0 64.0 51.0 55.0
76.0 79.0 69.0 75.0
78.0 78.0 67.0 73.0
80.0 78.0 68.0 73.0
79.0 77.0 68.0 73.0
79.0 76.0 68.0 72.0
78.0 77.0 66.0 73.0
78.0 72.0 67.0 72.0
80.0 77.0 68.0 75.0
59.0 61.0 51.0 57.0
62.0 63.0 51.0 58.0
77.0 76.0 65.0 73.0
61.0 63.0 51.0 57.0
78.0 77.0 66.0 73.0
78.0 77.0 67.0 75.0
78.0 77.0 62.0 73.0
79.0 77.0 67.0 73.0
80.0 79.0 68.0 75.0
76.0 78.0 63.0 74.0
78.0 78.0 66.0 73.0
78.0 78.0 67.0 73.0
79.0 77.0 67.0 74.0
61.0 63.0 52.0 59.0
81.0 80.0 70.0 76.0
79.0 77.0 66.0 75.0
77.0 76.0 65.0 72.0
75.0 74.0 62.0 71.0
59.0 62.0 51.0 52.0
62.0 61.0 53.0 59.0
79.0 73.0 68.0 74.0
79.0 77.0 67.0 69.0
58.0 61.0 50.0 56.0
75.0 73.0 59.0 69.0
79.0 77.0 63.0 74.0
77.0 77.0 65.0 71.0
79.0 77.0 68.0 75.0
77.0 77.0 65.0 72.0
79.0 77.0 68.0 74.0
78.0 79.0 65.0 73.0
69.0 76.0 69.0 76.0
75.0 79.0 68.0 73.0
79.0 77.0 67.0 73.0
81.0 77.0 67.0 74.0
80.0 78.0 67.0 74.0
79.0 78.0 66.0 74.0
80.0 75.0 67.0 74.0
73.0 73.0 63.0 70.0
81.0 77.0 67.0 74.0
80.0 78.0 67.0 74.0
61.0 62.0 52.0 56.0
75.0 72.0 63.0 71.0
79.0 79.0 67.0 75.0
78.0 77.0 66.0 75.0
80.0 79.0 67.0 73.0
64.0 62.0 53.0 60.0
78.0 77.0 65.0 73.0
80.0 77.0 67.0 74.0
76.0 74.0 64.0 71.0
79.0 77.0 67.0 71.0
75.0 73.0 63.0 71.0
78.0 78.0 67.0 74.0
80.0 79.0 68.0 74.0
79.0 77.0 67.0 74.0
75.0 79.0 67.0 74.0
77.0 76.0 65.0 71.0
79.0 78.0 68.0 73.0
74.0 73.0 69.0 69.0
78.0 78.0 68.0 74.0
78.0 77.0 66.0 74.0
59.0 62.0 50.0 57.0
75.0 78.0 67.0 73.0
60.0 63.0 51.0 56.0
76.0 77.0 67.0 73.0
77.0 78.0 68.0 74.0
71.0 70.0 58.0 65.0
78.0 77.0 67.0 74.0
59.0 60.0 49.0 56.0
56.0 62.0 51.0 57.0
78.0 77.0 69.0 70.0
58.0 62.0 49.0 57.0
59.0 61.0 50.0 55.0
80.0 76.0 68.0 74.0
59.0 60.0 49.0 55.0
76.0 75.0 63.0 71.0
60.0 61.0 51.0 56.0
71.0 80.0 68.0 74.0
79.0 78.0 68.0 74.0
41.0 47.0 36.0 37.0
27.0 27.0 23.0 24.0
25.0 26.0 23.0 24.0
78.0 77.0 65.0 73.0
78.0 76.0 67.0 63.0
74.0 78.0 65.0 75.0
78.0 77.0 65.0 73.0
78.0 77.0 65.0 74.0
78.0 74.0 67.0 73.0
74.0 75.0 67.0 74.0
71.0 77.0 66.0 72.0
78.0 76.0 65.0 73.0
78.0 78.0 66.0 72.0
76.0 77.0 65.0 72.0
78.0 76.0 66.0 73.0
76.0 77.0 65.0 73.0
75.0 77.0 65.0 73.0
78.0 76.0 66.0 72.0
77.0 77.0 65.0 73.0
76.0 75.0 63.0 70.0
76.0 75.0 65.0 72.0
74.0 51.0 46.0 45.0
77.0 77.0 65.0 70.0
78.0 76.0 65.0 74.0
78.0 75.0 66.0 73.0
77.0 76.0 65.0 69.0
76.0 75.0 67.0 72.0
78.0 76.0 65.0 68.0
75.0 76.0 65.0 73.0
78.0 75.0 65.0 73.0
78.0 78.0 63.0 73.0
76.0 77.0 66.0 73.0
77.0 76.0 62.0 64.0
78.0 77.0 65.0 67.0
79.0 70.0 66.0 73.0
76.0 77.0 67.0 73.0
78.0 75.0 64.0 73.0
76.0 74.0 63.0 70.0
77.0 77.0 68.0 72.0
79.0 76.0 66.0 73.0
78.0 75.0 67.0 74.0
78.0 76.0 67.0 73.0
78.0 77.0 67.0 73.0
74.0 76.0 67.0 73.0
59.0 62.0 52.0 57.0
78.0 76.0 66.0 67.0
78.0 77.0 67.0 73.0
77.0 77.0 65.0 72.0
79.0 67.0 63.0 72.0
76.0 77.0 62.0 72.0
78.0 77.0 65.0 72.0
76.0 74.0 64.0 72.0
73.0 76.0 66.0 73.0
72.0 76.0 61.0 68.0
79.0 73.0 67.0 72.0
78.0 75.0 65.0 72.0
76.0 78.0 68.0 75.0
75.0 76.0 66.0 72.0
77.0 75.0 66.0 72.0
58.0 60.0 49.0 55.0
78.0 76.0 67.0 65.0
77.0 75.0 62.0 70.0
75.0 78.0 65.0 73.0
77.0 78.0 62.0 72.0
78.0 76.0 66.0 73.0
77.0 76.0 63.0 71.0
77.0 74.0 65.0 73.0
73.0 76.0 65.0 72.0
78.0 77.0 65.0 72.0
77.0 74.0 67.0 73.0
78.0 75.0 65.0 72.0
77.0 76.0 65.0 71.0
79.0 77.0 65.0 73.0
77.0 75.0 66.0 73.0
77.0 75.0 65.0 61.0
57.0 59.0 50.0 55.0
78.0 76.0 65.0 71.0
74.0 76.0 63.0 72.0
76.0 76.0 65.0 72.0
74.0 76.0 59.0 73.0
77.0 75.0 65.0 72.0
77.0 77.0 65.0 71.0
77.0 77.0 65.0 68.0
69.0 64.0 69.0 74.0
77.0 75.0 63.0 73.0
76.0 77.0 65.0 73.0
77.0 75.0 65.0 70.0
76.0 76.0 67.0 64.0
76.0 77.0 63.0 73.0
76.0 74.0 67.0 74.0
78.0 76.0 65.0 71.0
78.0 73.0 66.0 72.0
77.0 74.0 64.0 71.0
76.0 76.0 68.0 73.0
76.0 77.0 66.0 73.0
77.0 77.0 67.0 72.0
78.0 74.0 66.0 73.0
78.0 77.0 63.0 72.0
77.0 77.0 66.0 72.0
78.0 73.0 67.0 73.0
77.0 77.0 63.0 73.0
78.0 77.0 66.0 72.0
74.0 77.0 65.0 72.0
77.0 75.0 65.0 71.0
76.0 76.0 68.0 74.0
75.0 75.0 65.0 71.0
78.0 76.0 65.0 71.0
77.0 76.0 66.0 73.0
76.0 77.0 63.0 72.0
77.0 75.0 66.0 72.0
75.0 75.0 63.0 73.0
65.0 76.0 65.0 73.0
78.0 75.0 65.0 71.0
76.0 76.0 65.0 73.0
77.0 76.0 65.0 71.0
77.0 77.0 65.0 72.0
77.0 75.0 66.0 71.0
77.0 75.0 63.0 72.0
78.0 75.0 66.0 73.0
79.0 76.0 61.0 72.0
79.0 74.0 66.0 70.0
78.0 76.0 65.0 73.0
78.0 76.0 64.0 74.0
79.0 77.0 68.0 73.0
77.0 76.0 66.0 73.0
77.0 77.0 63.0 73.0
73.0 73.0 63.0 69.0
25.0 26.0 23.0 23.0
24.0 24.0 22.0 22.0
76.0 73.0 66.0 70.0
75.0 74.0 66.0 64.0
75.0 74.0 63.0 70.0
76.0 74.0 65.0 70.0
78.0 75.0 65.0 71.0
76.0 76.0 64.0 72.0
77.0 75.0 66.0 73.0
60.0 76.0 65.0 73.0
78.0 75.0 65.0 72.0
79.0 75.0 64.0 73.0
78.0 76.0 65.0 72.0
76.0 75.0 65.0 73.0
76.0 79.0 64.0 73.0
76.0 73.0 65.0 71.0
77.0 75.0 65.0 72.0
74.0 75.0 65.0 71.0
77.0 78.0 67.0 73.0
76.0 76.0 65.0 73.0
78.0 76.0 66.0 71.0
79.0 77.0 66.0 73.0
77.0 75.0 65.0 72.0
76.0 71.0 64.0 72.0
77.0 75.0 66.0 72.0
76.0 68.0 64.0 69.0
77.0 74.0 65.0 71.0
76.0 75.0 65.0 72.0
73.0 76.0 66.0 74.0
77.0 76.0 67.0 72.0
78.0 76.0 64.0 73.0
76.0 72.0 67.0 73.0
77.0 73.0 64.0 71.0
74.0 77.0 66.0 71.0
76.0 75.0 64.0 68.0
75.0 78.0 66.0 73.0
77.0 76.0 65.0 74.0
74.0 72.0 60.0 65.0
77.0 74.0 65.0 72.0
78.0 76.0 66.0 72.0
78.0 73.0 63.0 71.0
76.0 76.0 65.0 73.0
77.0 77.0 64.0 72.0
76.0 76.0 65.0 73.0
79.0 76.0 66.0 67.0
78.0 77.0 67.0 71.0
76.0 77.0 64.0 72.0
78.0 76.0 65.0 72.0
74.0 76.0 66.0 69.0
77.0 76.0 65.0 72.0
77.0 76.0 59.0 73.0
76.0 76.0 67.0 73.0
77.0 74.0 63.0 74.0
76.0 74.0 64.0 70.0
78.0 76.0 63.0 72.0
78.0 78.0 62.0 71.0
78.0 77.0 65.0 73.0
78.0 77.0 68.0 72.0
78.0 76.0 65.0 69.0
78.0 77.0 65.0 70.0
78.0 77.0 66.0 69.0
77.0 78.0 63.0 73.0
77.0 77.0 65.0 72.0
76.0 75.0 65.0 71.0
78.0 76.0 67.0 73.0
78.0 73.0 66.0 72.0
78.0 77.0 63.0 73.0
78.0 77.0 67.0 72.0
77.0 75.0 64.0 71.0
77.0 75.0 65.0 71.0
77.0 76.0 65.0 73.0
77.0 77.0 63.0 71.0
77.0 76.0 65.0 73.0
77.0 72.0 65.0 72.0
76.0 75.0 66.0 70.0
77.0 74.0 65.0 71.0
78.0 74.0 64.0 73.0
77.0 77.0 62.0 73.0
76.0 77.0 64.0 70.0
79.0 77.0 66.0 73.0
78.0 76.0 65.0 73.0
69.0 77.0 65.0 64.0
76.0 74.0 65.0 71.0
78.0 78.0 64.0 72.0
76.0 77.0 66.0 72.0
78.0 76.0 66.0 71.0
77.0 76.0 65.0 72.0
77.0 75.0 66.0 72.0
76.0 76.0 66.0 72.0
75.0 76.0 66.0 73.0
75.0 72.0 64.0 67.0
76.0 76.0 65.0 73.0
78.0 75.0 65.0 73.0
78.0 76.0 65.0 69.0
76.0 73.0 65.0 71.0
77.0 77.0 64.0 71.0
79.0 75.0 65.0 69.0
78.0 75.0 65.0 71.0
78.0 74.0 67.0 74.0
76.0 74.0 65.0 71.0
58.0 58.0 48.0 53.0
78.0 77.0 65.0 72.0
77.0 76.0 65.0 73.0
78.0 75.0 66.0 73.0
77.0 77.0 56.0 65.0
77.0 77.0 63.0 73.0
75.0 75.0 62.0 70.0
68.0 76.0 64.0 74.0
78.0 76.0 65.0 72.0
77.0 75.0 66.0 72.0
78.0 75.0 65.0 73.0
77.0 76.0 65.0 71.0
59.0 78.0 67.0 69.0
76.0 73.0 63.0 71.0
76.0 76.0 64.0 73.0
70.0 75.0 63.0 72.0
77.0 77.0 65.0 73.0
77.0 77.0 65.0 71.0
78.0 77.0 63.0 73.0
79.0 76.0 65.0 73.0
78.0 73.0 67.0 72.0
77.0 77.0 65.0 73.0
77.0 78.0 63.0 73.0
77.0 78.0 67.0 73.0
78.0 77.0 64.0 72.0
78.0 77.0 66.0 69.0
78.0 77.0 68.0 71.0
78.0 73.0 66.0 73.0
77.0 76.0 65.0 71.0
77.0 76.0 64.0 73.0
67.0 72.0 61.0 67.0
25.0 26.0 22.0 23.0
52.0 42.0 42.0 48.0
74.0 76.0 65.0 69.0
78.0 72.0 65.0 71.0
76.0 74.0 62.0 71.0
75.0 74.0 63.0 72.0
76.0 75.0 63.0 70.0
76.0 76.0 64.0 70.0
77.0 75.0 63.0 70.0
75.0 77.0 64.0 71.0
77.0 75.0 66.0 72.0
74.0 75.0 64.0 72.0
79.0 76.0 67.0 70.0
77.0 75.0 65.0 73.0
77.0 76.0 67.0 71.0
78.0 77.0 68.0 73.0
76.0 72.0 65.0 66.0
76.0 76.0 63.0 71.0
77.0 71.0 67.0 71.0
75.0 76.0 64.0 69.0
76.0 76.0 65.0 73.0
76.0 76.0 64.0 71.0
78.0 75.0 65.0 72.0
79.0 62.0 66.0 71.0
76.0 75.0 65.0 72.0
77.0 77.0 66.0 74.0
77.0 76.0 65.0 72.0
77.0 76.0 66.0 73.0
77.0 75.0 65.0 71.0
77.0 75.0 63.0 68.0
76.0 75.0 64.0 71.0
80.0 77.0 62.0 72.0
78.0 77.0 65.0 73.0
78.0 74.0 67.0 72.0
76.0 77.0 66.0 73.0
79.0 76.0 63.0 73.0
78.0 75.0 66.0 73.0
78.0 77.0 65.0 72.0
76.0 76.0 65.0 72.0
58.0 60.0 49.0 55.0
78.0 75.0 63.0 67.0
77.0 67.0 66.0 73.0
80.0 77.0 68.0 74.0
78.0 68.0 61.0 75.0
76.0 75.0 64.0 69.0
74.0 75.0 63.0 74.0
77.0 76.0 66.0 54.0
75.0 75.0 66.0 71.0
77.0 76.0 66.0 71.0
75.0 75.0 63.0 71.0
75.0 77.0 65.0 71.0
78.0 76.0 66.0 71.0
78.0 78.0 66.0 72.0
80.0 70.0 65.0 72.0
76.0 76.0 64.0 73.0
74.0 75.0 65.0 72.0
58.0 75.0 55.0 68.0
76.0 75.0 64.0 72.0
76.0 74.0 65.0 72.0
76.0 78.0 68.0 73.0
79.0 73.0 64.0 65.0
78.0 74.0 65.0 73.0
77.0 76.0 65.0 73.0
78.0 78.0 65.0 72.0
76.0 76.0 65.0 72.0
74.0 77.0 64.0 74.0
77.0 76.0 67.0 72.0
76.0 74.0 65.0 73.0
77.0 77.0 65.0 71.0
77.0 71.0 63.0 71.0
77.0 77.0 66.0 71.0
74.0 62.0 64.0 72.0
76.0 76.0 63.0 73.0
74.0 76.0 67.0 73.0
73.0 77.0 65.0 72.0
77.0 74.0 65.0 70.0
77.0 74.0 65.0 73.0
76.0 74.0 66.0 72.0
76.0 77.0 65.0 72.0
77.0 75.0 65.0 73.0
79.0 77.0 63.0 69.0
77.0 77.0 65.0 73.0
77.0 76.0 67.0 71.0
76.0 76.0 66.0 73.0
77.0 77.0 65.0 72.0
78.0 74.0 66.0 73.0
77.0 76.0 65.0 73.0
78.0 67.0 66.0 72.0
78.0 77.0 65.0 68.0
77.0 76.0 65.0 72.0
76.0 76.0 65.0 72.0
77.0 77.0 64.0 72.0
58.0 58.0 48.0 54.0
79.0 74.0 66.0 73.0
78.0 75.0 65.0 73.0
74.0 76.0 67.0 73.0
79.0 77.0 66.0 72.0
77.0 78.0 67.0 73.0
75.0 75.0 65.0 73.0
78.0 76.0 65.0 72.0
77.0 76.0 65.0 72.0
78.0 76.0 67.0 73.0
77.0 75.0 65.0 71.0
77.0 78.0 68.0 73.0
74.0 75.0 64.0 71.0
76.0 77.0 65.0 72.0
71.0 71.0 57.0 70.0
25.0 26.0 22.0 23.0
25.0 24.0 22.0 21.0
75.0 73.0 63.0 69.0
76.0 74.0 63.0 71.0
74.0 72.0 63.0 69.0
77.0 75.0 65.0 71.0
76.0 74.0 64.0 71.0
75.0 76.0 65.0 71.0
76.0 77.0 61.0 71.0
77.0 76.0 63.0 72.0
76.0 74.0 65.0 72.0
75.0 75.0 62.0 71.0
77.0 75.0 64.0 73.0
78.0 77.0 66.0 71.0
78.0 75.0 65.0 73.0
76.0 74.0 63.0 70.0
61.0 72.0 68.0 55.0
79.0 76.0 63.0 72.0
76.0 75.0 67.0 70.0
77.0 75.0 64.0 71.0
76.0 77.0 66.0 71.0
65.0 60.0 67.0 63.0
77.0 73.0 64.0 70.0
76.0 75.0 64.0 71.0
76.0 76.0 63.0 73.0
74.0 74.0 64.0 71.0
77.0 73.0 65.0 73.0
76.0 75.0 65.0 72.0
78.0 71.0 67.0 68.0
77.0 75.0 65.0 72.0
77.0 76.0 65.0 73.0
77.0 78.0 65.0 71.0
77.0 76.0 65.0 72.0
76.0 75.0 65.0 72.0
73.0 77.0 63.0 72.0
73.0 62.0 54.0 63.0
75.0 76.0 64.0 71.0
78.0 78.0 68.0 70.0
78.0 75.0 65.0 71.0
67.0 74.0 63.0 73.0
75.0 72.0 63.0 71.0
77.0 76.0 65.0 70.0
76.0 75.0 65.0 71.0
78.0 76.0 65.0 70.0
74.0 74.0 65.0 71.0
76.0 76.0 65.0 72.0
78.0 72.0 66.0 71.0
78.0 74.0 67.0 72.0
77.0 75.0 65.0 70.0
78.0 76.0 66.0 71.0
75.0 75.0 65.0 71.0
76.0 75.0 65.0 72.0
73.0 78.0 62.0 72.0
77.0 74.0 64.0 70.0
76.0 76.0 64.0 72.0
76.0 78.0 62.0 71.0
79.0 76.0 65.0 71.0
75.0 75.0 63.0 71.0
76.0 76.0 65.0 70.0
58.0 60.0 48.0 55.0
78.0 78.0 60.0 74.0
77.0 75.0 63.0 71.0
75.0 72.0 62.0 72.0
78.0 75.0 66.0 70.0
77.0 76.0 65.0 71.0
77.0 75.0 65.0 69.0
76.0 75.0 65.0 68.0
77.0 76.0 65.0 72.0
76.0 77.0 64.0 71.0
77.0 76.0 64.0 72.0
78.0 77.0 65.0 71.0
76.0 75.0 65.0 72.0
75.0 76.0 65.0 72.0
77.0 75.0 63.0 73.0
76.0 74.0 65.0 68.0
77.0 74.0 65.0 71.0
78.0 75.0 65.0 71.0
77.0 74.0 65.0 68.0
77.0 76.0 62.0 73.0
76.0 75.0 65.0 71.0
78.0 75.0 63.0 71.0
75.0 75.0 65.0 70.0
78.0 75.0 65.0 68.0
76.0 76.0 68.0 71.0
77.0 74.0 61.0 71.0
76.0 75.0 63.0 72.0
77.0 74.0 65.0 71.0
76.0 74.0 64.0 71.0
77.0 72.0 64.0 71.0
77.0 73.0 63.0 73.0
71.0 76.0 65.0 70.0
78.0 75.0 65.0 71.0
76.0 76.0 64.0 71.0
74.0 77.0 65.0 72.0
76.0 74.0 68.0 68.0
78.0 75.0 65.0 71.0
73.0 74.0 61.0 68.0
75.0 75.0 64.0 70.0
77.0 72.0 64.0 71.0
76.0 74.0 65.0 70.0
77.0 75.0 66.0 68.0
76.0 75.0 65.0 71.0
76.0 75.0 66.0 70.0
72.0 72.0 64.0 71.0
73.0 68.0 61.0 67.0
26.0 27.0 24.0 24.0
25.0 25.0 22.0 22.0
76.0 75.0 64.0 72.0
75.0 74.0 63.0 69.0
73.0 74.0 62.0 69.0
75.0 72.0 63.0 70.0
76.0 71.0 62.0 71.0
76.0 73.0 65.0 62.0
76.0 72.0 65.0 71.0
75.0 71.0 64.0 72.0
77.0 75.0 63.0 70.0
75.0 74.0 63.0 71.0
72.0 78.0 63.0 68.0
76.0 77.0 63.0 72.0
77.0 74.0 64.0 73.0
76.0 76.0 65.0 71.0
76.0 76.0 64.0 71.0
76.0 77.0 65.0 71.0
78.0 76.0 65.0 72.0
76.0 77.0 58.0 72.0
78.0 77.0 63.0 72.0
78.0 75.0 66.0 71.0
59.0 59.0 50.0 55.0
80.0 75.0 62.0 71.0
77.0 75.0 65.0 71.0
73.0 75.0 61.0 69.0
79.0 64.0 67.0 71.0
76.0 76.0 65.0 71.0
77.0 76.0 67.0 70.0
78.0 76.0 65.0 73.0
76.0 73.0 65.0 71.0
75.0 77.0 65.0 73.0
78.0 64.0 67.0 73.0
76.0 75.0 66.0 71.0
77.0 76.0 65.0 70.0
76.0 75.0 66.0 70.0
78.0 76.0 66.0 69.0
77.0 76.0 60.0 71.0
76.0 76.0 68.0 73.0
76.0 75.0 65.0 71.0
76.0 76.0 65.0 73.0
76.0 75.0 65.0 69.0
78.0 75.0 65.0 71.0
78.0 75.0 66.0 70.0
77.0 74.0 65.0 71.0
76.0 74.0 65.0 73.0
76.0 76.0 65.0 71.0
76.0 75.0 63.0 71.0
79.0 76.0 65.0 72.0
78.0 77.0 64.0 72.0
75.0 75.0 66.0 72.0
76.0 76.0 65.0 73.0
78.0 76.0 66.0 72.0
75.0 75.0 63.0 72.0
77.0 77.0 67.0 71.0
69.0 72.0 53.0 69.0
78.0 76.0 66.0 70.0
78.0 76.0 65.0 72.0
76.0 77.0 65.0 71.0
77.0 76.0 64.0 72.0
76.0 75.0 65.0 71.0
63.0 66.0 53.0 60.0
73.0 75.0 64.0 73.0
74.0 76.0 65.0 72.0
77.0 75.0 65.0 73.0
76.0 77.0 65.0 70.0
79.0 75.0 66.0 69.0
76.0 76.0 64.0 71.0
74.0 74.0 63.0 70.0
74.0 74.0 61.0 71.0
79.0 78.0 67.0 74.0
77.0 75.0 65.0 72.0
78.0 75.0 65.0 72.0
78.0 75.0 64.0 73.0
75.0 75.0 64.0 71.0
76.0 74.0 65.0 73.0
77.0 77.0 66.0 71.0
77.0 71.0 63.0 73.0
76.0 76.0 65.0 71.0
75.0 75.0 64.0 72.0
77.0 76.0 65.0 72.0
76.0 76.0 65.0 72.0
77.0 77.0 66.0 71.0
77.0 74.0 65.0 71.0
78.0 76.0 64.0 71.0
76.0 76.0 64.0 73.0
76.0 75.0 65.0 71.0
77.0 74.0 65.0 70.0
78.0 74.0 63.0 71.0
76.0 73.0 65.0 71.0
77.0 75.0 65.0 71.0
77.0 73.0 64.0 63.0
74.0 74.0 64.0 70.0
75.0 75.0 65.0 71.0
77.0 75.0 63.0 71.0
79.0 75.0 64.0 69.0
78.0 76.0 65.0 72.0
77.0 76.0 65.0 73.0
78.0 75.0 65.0 72.0
77.0 75.0 65.0 73.0
79.0 76.0 65.0 73.0
77.0 76.0 64.0 72.0
77.0 76.0 64.0 71.0
77.0 76.0 65.0 71.0
76.0 75.0 61.0 71.0
76.0 75.0 65.0 73.0
75.0 75.0 62.0 71.0
75.0 73.0 63.0 68.0
24.0 25.0 21.0 22.0
24.0 24.0 20.0 21.0
22.0 23.0 19.0 20.0
22.0 23.0 19.0 20.0
21.0 21.0 18.0 19.0
20.0 21.0 18.0 18.0
20.0 21.0 17.0 18.0
20.0 21.0 17.0 18.0
20.0 20.0 16.0 18.0
19.0 20.0 17.0 17.0
19.0 20.0 17.0 17.0
19.0 20.0 17.0 17.0
19.0 19.0 16.0 17.0
19.0 19.0 16.0 17.0
19.0 19.0 16.0 17.0
19.0 19.0 16.0 17.0
18.0 19.0 16.0 17.0
19.0 19.0 16.0 17.0
19.0 19.0 16.0 17.0
18.0 19.0 15.0 16.0
19.0 19.0 16.0 17.0
18.0 19.0 15.0 17.0
19.0 19.0 16.0 17.0
18.0 19.0 16.0 16.0
19.0 19.0 15.0 16.0
18.0 19.0 16.0 16.0
18.0 19.0 16.0 17.0
18.0 19.0 16.0 17.0
18.0 19.0 16.0 17.0
18.0 19.0 16.0 16.0
18.0 19.0 16.0 16.0
18.0 19.0 16.0 17.0
18.0 19.0 15.0 17.0
18.0 19.0 16.0 16.0
18.0 19.0 16.0 17.0
18.0 19.0 16.0 17.0
18.0 19.0 15.0 17.0
18.0 19.0 15.0 17.0
18.0 19.0 15.0 17.0
18.0 19.0 15.0 17.0
18.0 19.0 15.0 17.0
18.0 19.0 16.0 17.0
17.0 19.0 16.0 16.0
17.0 19.0 16.0 17.0
18.0 19.0 15.0 16.0
18.0 19.0 15.0 17.0
17.0 19.0 16.0 17.0
18.0 19.0 15.0 17.0
17.0 19.0 16.0 17.0
17.0 19.0 16.0 17.0
18.0 19.0 16.0 16.0
18.0 19.0 15.0 16.0
18.0 19.0 15.0 17.0
17.0 19.0 16.0 17.0
17.0 19.0 15.0 17.0
18.0 19.0 15.0 17.0
18.0 19.0 15.0 16.0
18.0 19.0 15.0 17.0
18.0 19.0 15.0 17.0
18.0 18.0 15.0 17.0
18.0 19.0 15.0 16.0
19.0 19.0 16.0 17.0
17.0 20.0 15.0 17.0
18.0 19.0 15.0 17.0
18.0 19.0 15.0 17.0
18.0 19.0 15.0 17.0
18.0 19.0 16.0 16.0
18.0 19.0 15.0 17.0
18.0 19.0 15.0 17.0
17.0 19.0 15.0 16.0
18.0 19.0 15.0 17.0
18.0 19.0 15.0 16.0
18.0 19.0 15.0 16.0
18.0 19.0 15.0 16.0
18.0 19.0 15.0 16.0
18.0 19.0 15.0 17.0
18.0 19.0 15.0 17.0
17.0 19.0 15.0 16.0
22.0 30.0 19.0 21.0
18.0 19.0 16.0 16.0
18.0 19.0 15.0 16.0
17.0 18.0 15.0 17.0
18.0 19.0 16.0 16.0
18.0 19.0 15.0 17.0
18.0 18.0 16.0 17.0
17.0 18.0 15.0 17.0
