70.0 77.0 64.0 78.0
66.0 70.0 57.0 65.0
72.0 72.0 61.0 69.0
87.0 85.0 73.0 84.0
82.0 83.0 71.0 73.0
71.0 72.0 59.0 66.0
76.0 76.0 65.0 71.0
87.0 88.0 74.0 85.0
85.0 83.0 71.0 79.0
72.0 73.0 61.0 68.0
76.0 79.0 67.0 74.0
89.0 84.0 68.0 78.0
82.0 81.0 69.0 75.0
72.0 73.0 62.0 68.0
84.0 84.0 69.0 76.0
88.0 90.0 77.0 85.0
71.0 73.0 60.0 69.0
69.0 73.0 62.0 70.0
92.0 85.0 78.0 82.0
90.0 90.0 75.0 86.0
70.0 72.0 57.0 68.0
71.0 73.0 62.0 70.0
92.0 92.0 79.0 88.0
91.0 90.0 75.0 85.0
71.0 72.0 61.0 66.0
72.0 73.0 60.0 70.0
94.0 90.0 78.0 88.0
92.0 90.0 73.0 86.0
72.0 72.0 60.0 68.0
74.0 74.0 62.0 65.0
93.0 91.0 78.0 85.0
91.0 88.0 76.0 83.0
70.0 71.0 59.0 66.0
74.0 73.0 62.0 70.0
93.0 91.0 78.0 88.0
90.0 86.0 76.0 85.0
70.0 72.0 59.0 66.0
72.0 73.0 60.0 69.0
92.0 90.0 76.0 85.0
85.0 87.0 79.0 86.0
70.0 73.0 58.0 68.0
73.0 74.0 60.0 69.0
92.0 90.0 78.0 84.0
87.0 90.0 71.0 86.0
71.0 72.0 60.0 67.0
73.0 73.0 61.0 69.0
91.0 91.0 76.0 87.0
88.0 90.0 72.0 85.0
72.0 72.0 59.0 68.0
73.0 73.0 61.0 68.0
92.0 93.0 79.0 87.0
83.0 84.0 77.0 85.0
71.0 72.0 60.0 68.0
71.0 73.0 62.0 71.0
87.0 89.0 78.0 87.0
91.0 88.0 77.0 83.0
72.0 72.0 60.0 66.0
73.0 73.0 61.0 70.0
90.0 87.0 78.0 87.0
91.0 86.0 76.0 84.0
71.0 73.0 62.0 69.0
71.0 72.0 61.0 68.0
92.0 89.0 78.0 87.0
91.0 87.0 76.0 85.0
72.0 72.0 61.0 67.0
92.0 88.0 74.0 83.0
71.0 72.0 61.0 68.0
75.0 73.0 65.0 66.0
93.0 90.0 76.0 87.0
83.0 87.0 75.0 78.0
72.0 71.0 60.0 67.0
74.0 73.0 62.0 69.0
92.0 89.0 79.0 87.0
91.0 88.0 76.0 84.0
71.0 72.0 61.0 68.0
75.0 74.0 63.0 70.0
92.0 89.0 77.0 86.0
84.0 81.0 74.0 84.0
72.0 63.0 62.0 68.0
74.0 73.0 58.0 71.0
93.0 90.0 78.0 83.0
87.0 86.0 75.0 84.0
72.0 72.0 61.0 68.0
73.0 73.0 65.0 70.0
91.0 90.0 78.0 87.0
89.0 86.0 73.0 83.0
71.0 72.0 62.0 63.0
75.0 73.0 63.0 70.0
89.0 87.0 76.0 85.0
88.0 84.0 72.0 84.0
71.0 73.0 61.0 70.0
74.0 73.0 59.0 71.0
92.0 90.0 77.0 85.0
88.0 78.0 75.0 85.0
72.0 73.0 60.0 65.0
75.0 73.0 63.0 70.0
92.0 87.0 78.0 86.0
88.0 85.0 73.0 83.0
89.0 89.0 76.0 83.0
87.0 86.0 70.0 81.0
72.0 72.0 60.0 68.0
72.0 75.0 64.0 70.0
93.0 88.0 77.0 84.0
91.0 86.0 76.0 83.0
69.0 72.0 60.0 68.0
77.0 76.0 64.0 72.0
92.0 86.0 77.0 86.0
85.0 84.0 72.0 79.0
73.0 71.0 60.0 68.0
76.0 74.0 63.0 71.0
83.0 89.0 78.0 85.0
88.0 83.0 73.0 82.0
72.0 67.0 60.0 69.0
76.0 75.0 63.0 71.0
91.0 88.0 76.0 84.0
88.0 86.0 74.0 82.0
72.0 72.0 60.0 68.0
74.0 77.0 64.0 73.0
89.0 83.0 76.0 84.0
86.0 84.0 73.0 79.0
72.0 72.0 60.0 69.0
76.0 75.0 65.0 73.0
90.0 86.0 74.0 87.0
85.0 83.0 69.0 78.0
70.0 69.0 62.0 69.0
78.0 79.0 68.0 73.0
93.0 91.0 78.0 86.0
78.0 79.0 69.0 76.0
70.0 72.0 62.0 66.0
85.0 88.0 72.0 81.0
90.0 89.0 75.0 84.0
87.0 88.0 78.0 79.0
90.0 86.0 76.0 85.0
68.0 69.0 59.0 64.0
70.0 72.0 60.0 67.0
93.0 86.0 78.0 87.0
92.0 78.0 69.0 81.0
70.0 69.0 61.0 66.0
70.0 72.0 61.0 68.0
92.0 90.0 76.0 87.0
89.0 88.0 76.0 84.0
72.0 72.0 61.0 67.0
71.0 72.0 62.0 68.0
93.0 90.0 76.0 86.0
91.0 87.0 77.0 85.0
71.0 72.0 60.0 66.0
73.0 72.0 60.0 69.0
94.0 89.0 78.0 84.0
88.0 83.0 75.0 85.0
67.0 73.0 60.0 68.0
73.0 72.0 62.0 67.0
94.0 88.0 79.0 88.0
90.0 86.0 74.0 84.0
71.0 71.0 60.0 66.0
73.0 73.0 60.0 69.0
93.0 86.0 74.0 86.0
91.0 88.0 76.0 85.0
72.0 68.0 59.0 67.0
73.0 73.0 61.0 69.0
93.0 87.0 79.0 87.0
90.0 88.0 76.0 83.0
72.0 72.0 60.0 66.0
74.0 73.0 61.0 70.0
91.0 88.0 76.0 84.0
89.0 88.0 76.0 83.0
64.0 72.0 58.0 67.0
69.0 73.0 63.0 65.0
93.0 91.0 79.0 89.0
88.0 86.0 67.0 84.0
70.0 72.0 62.0 66.0
73.0 71.0 62.0 65.0
87.0 89.0 83.0 80.0
85.0 86.0 76.0 83.0
71.0 71.0 59.0 65.0
71.0 72.0 63.0 70.0
89.0 91.0 80.0 82.0
92.0 85.0 74.0 83.0
71.0 69.0 60.0 67.0
74.0 73.0 63.0 69.0
94.0 89.0 79.0 86.0
89.0 86.0 76.0 84.0
